214 31 11 865 28 3 444 1390 1960 657 203 27 22 1574 950 1603 297 195 57 339 428 534 626 1398 72 21 20 2352 1367 1738 528 90 57 414 75 1262 1764 1772 164 872 262 803 1534 475 2320 1738 117 1190 1587 1543 1829 362 1239 568 645 844 344 974 1104 2730 1970 2035 435 2629
214 31 11 865 28 3 444 1390 1960 657 203 27 22 1574 950 1603 297 195 57 339 428 534 626 1398 72 21 20 2352 1367 1738 528 90 57 414 75 1262 1764 1772 164 872 262 803 1534 475 2320 1738 117 1190 1587 1543 1829 362 1239 568 645 844 344 974 1104 2730 1970 2035 435 2629
83 28 7 457 15 0 232 576 463 279 133 13 4 551 301 728 94 44 12 68 221 166 158 581 19 2 14 518 205 170 129 51 18 27 22 57 240 278 101 400 16 84 187 68 247 537 74 720 49 21 45 24 199 246 507 715 22 44 198 252 448 896 364 1802
214 31 11 865 28 3 444 1390 1960 657 203 27 22 1574 950 1603 297 195 57 339 428 534 626 1398 72 21 20 2352 1367 1738 528 90 57 414 75 1262 1764 1772 164 789 255 638 670 403 1667 871 32 6 29 37 94 13 14 10 13 6 0 42 39 6 53 21 2 3
0 0 0 0 0 0 31 0 0 0 0 0 3 21 8 0 0 0 0 0 0 0 0 0 0 0 2 0 0 0 0 0 0 0 0 0 0 85 0 1 0 0 0 0 0 63 0 8 0 0 0 0 0 0 0 0 0 0 0 0 0 0 2 0
0 0 0 0 0 0 162 0 0 0 0 0 2 13 9 0 0 0 0 0 0 0 0 0 0 0 0 0 0 0 0 0 0 0 0 0 0 7 0 0 0 0 0 0 0 28 0 0 0 0 0 0 0 0 0 2 0 0 7 0 0 0 1 0
0 0 0 0 0 0 2 0 0 0 0 0 0 5 0 0 0 0 0 0 0 0 0 0 0 0 0 0 0 0 0 0 0 0 0 0 0 2 0 0 0 0 0 0 0 15 0 0 0 0 0 0 0 0 0 0 0 0 2 0 0 0 1 0
0 0 0 0 0 0 0 0 0 0 0 0 0 25 0 0 0 0 0 0 9 0 1 36 0 0 0 0 0 0 0 0 0 0 0 0 0 20 0 0 0 0 0 0 0 17 0 0 4 0 0 0 0 0 0 0 0 0 8 0 0 0 0 1
0 0 0 7 0 0 13 132 38 2 0 1 0 39 152 30 2 1 0 0 0 3 6 26 0 0 2 13 35 10 6 2 16 20 0 70 45 128 2 4 45 35 179 0 5 78 2 3 165 78 19 5 3 16 13 30 20 26 44 35 6 0 39 177
0 0 0 0 0 0 4 0 0 0 0 0 1 12 0 0 0 0 0 0 0 0 0 0 0 0 0 0 3 0 0 0 0 0 0 0 0 24 0 0 0 0 0 0 0 0 0 0 0 0 0 0 0 0 0 0 0 0 0 0 0 0 0 0
214 31 11 865 28 3 444 1390 1960 657 203 27 22 1574 950 1603 297 195 57 339 428 534 626 1398 72 21 20 2352 1367 1738 528 90 57 414 75 1262 1764 1772 164 872 262 803 1534 475 2320 1738 117 1190 1587 1543 1829 362 1239 568 645 844 344 974 1104 2730 1970 2035 435 2629
214 31 11 865 28 3 444 1390 1960 657 203 27 22 1574 950 1603 297 195 57 339 428 534 626 1398 72 21 20 2352 1367 1738 528 90 57 414 75 1262 1764 1772 164 872 262 803 1534 475 2320 1738 117 1190 1587 1543 1829 362 1239 568 645 844 344 974 1104 2730 1970 2035 435 2629
214 31 11 865 28 3 444 1390 1960 657 203 27 22 1574 950 1603 297 195 57 339 428 534 626 1398 72 21 20 2352 1367 1738 528 90 57 414 75 1262 1764 1772 164 872 262 803 1534 475 2320 1738 117 1190 1587 1543 1829 362 1239 568 645 844 344 974 1104 2730 1970 2035 435 2629
214 31 11 865 28 3 444 1390 1960 657 203 27 22 1574 950 1603 297 195 57 339 428 534 626 1398 72 21 20 2352 1367 1738 528 90 57 414 75 1262 1764 1772 164 872 262 803 1534 475 2320 1738 117 1190 1587 1543 1829 362 1239 568 645 844 344 974 1104 2730 1970 2035 435 2629
3 0 0 28 3 0 83 44 24 5 3 2 8 46 107 99 12 11 0 8 9 0 23 73 0 0 0 62 262 112 42 10 2 22 1 59 208 235 47 41 16 10 9 33 44 241 6 16 56 19 10 3 13 16 38 26 3 11 21 66 37 52 30 49
12 0 0 85 1 0 30 7 62 16 5 5 10 35 46 24 7 19 0 23 3 3 25 179 0 0 1 452 224 105 17 16 5 38 13 138 268 164 16 83 19 25 88 36 42 140 13 92 231 91 258 40 64 56 143 99 62 67 140 468 292 48 80 260
0 0 0 0 0 0 0 0 0 0 0 0 0 0 0 0 0 0 0 0 0 0 0 0 0 0 0 0 0 0 0 0 0 0 0 0 0 0 0 0 0 0 0 0 0 0 0 2 0 0 0 0 0 0 0 0 0 0 0 0 0 0 0 0
0 0 0 0 0 0 0 0 0 0 0 0 0 0 0 3 0 0 0 0 0 0 0 0 0 0 0 0 3 0 0 0 0 0 0 0 0 0 0 0 0 0 0 0 1 0 0 0 0 0 0 0 0 0 0 0 0 0 0 0 0 0 0 0
0 0 0 0 0 0 3 0 0 0 0 0 0 0 1 3 0 0 0 0 0 0 0 2 0 0 0 0 3 2 0 0 0 0 0 0 1 0 0 2 0 0 0 0 0 7 0 0 0 0 0 0 0 0 3 0 0 0 0 0 0 0 0 0
0 0 0 0 0 0 0 0 0 0 0 0 0 7 3 9 0 0 0 0 0 0 4 3 0 0 0 0 7 0 0 0 0 0 0 0 0 3 0 0 0 0 0 0 0 1 0 0 0 0 0 0 0 0 0 0 0 0 0 0 0 0 0 0
0 0 0 0 0 0 25 30 34 22 7 0 5 11 77 120 0 0 0 0 0 0 33 55 10 0 1 7 39 4 0 0 8 4 0 20 14 14 0 6 23 27 11 0 41 39 0 17 75 4 23 7 0 3 2 9 0 0 3 10 2 1 4 32
0 0 0 0 0 0 6 24 8 12 2 0 0 4 49 39 0 0 2 0 0 0 24 14 4 0 0 0 18 0 0 0 4 4 0 2 1 9 0 4 5 21 3 0 7 6 0 0 19 0 2 1 0 0 0 5 0 0 3 3 0 0 1 5
214 31 11 865 28 3 444 1390 1960 657 203 27 22 1574 950 1603 297 195 57 339 428 534 626 1398 72 21 20 2352 1367 1738 528 90 57 414 75 1262 1764 1772 164 872 262 803 1534 475 2320 1738 117 1190 1587 1543 1829 362 1239 568 645 844 344 974 1104 2730 1970 2035 435 2629
214 31 11 865 28 3 444 1390 1960 657 203 27 22 1574 950 1603 297 195 57 339 428 534 626 1398 72 21 20 2352 1367 1738 528 90 57 414 75 1262 1764 1772 164 872 262 803 1534 475 2320 1738 117 1190 1587 1543 1829 362 1239 568 645 844 344 974 1104 2730 1970 2035 435 2629
214 31 11 865 28 3 444 1390 1960 657 203 27 22 1574 950 1603 297 195 57 339 428 534 626 1398 72 21 20 2352 1367 1738 528 90 57 414 75 1262 1764 1772 164 872 262 803 1534 475 2320 1738 117 1190 1587 1543 1829 362 1239 568 645 844 344 974 1104 2730 1970 2035 435 2629
214 31 11 865 28 3 444 1390 1960 657 203 27 22 1574 950 1603 297 195 57 339 428 534 626 1398 72 21 20 2352 1367 1738 528 90 57 414 75 1262 1764 1772 164 872 262 803 1534 475 2320 1738 117 1190 1587 1543 1829 362 1239 568 645 844 344 974 1104 2730 1970 2035 435 2629
117 3 5 470 17 1 254 708 1212 348 111 6 2 622 688 776 189 91 10 191 242 301 273 703 35 17 18 1537 774 959 437 61 27 275 16 899 1346 1447 127 461 141 376 772 307 1402 1484 54 567 953 804 908 163 781 255 250 553 161 606 707 1764 1272 1234 294 1673
0 0 0 7 0 0 13 40 1 0 0 0 7 29 135 33 3 0 0 0 9 12 25 48 0 0 0 1 26 48 3 0 0 0 0 15 22 25 1 12 9 10 11 0 12 16 0 57 94 4 31 0 15 9 10 36 0 4 5 7 3 33 21 84
0 0 0 0 0 0 53 28 15 0 5 0 0 56 70 64 0 0 0 0 7 2 16 58 2 0 0 3 21 14 2 0 2 0 0 1 25 18 0 24 73 173 47 1 21 46 0 97 261 301 142 0 12 9 26 38 94 159 188 231 61 0 1 10
0 0 0 0 0 0 14 2 0 0 0 0 0 0 21 23 0 0 0 0 2 0 2 1 0 0 0 0 0 3 0 0 0 0 0 0 7 2 1 0 0 0 0 0 0 1 0 2 0 0 0 0 0 0 0 0 0 0 0 0 0 0 0 0
129 0 4 13 0 0 0 0 940 198 10 3 0 4 0 34 200 48 0 49 80 19 1 4 55 12 1 300 464 552 107 2 0 3 3 498 415 146 0 15 2 1 0 12 17 15 0 0 0 0 0 0 0 0 0 5 0 0 0 0 0 0 0 0
0 0 0 0 0 0 0 0 0 0 0 0 2 0 1 2 0 0 0 2 0 0 2 0 0 0 0 10 1 15 0 0 0 0 0 5 0 33 0 0 0 0 0 0 2 19 0 0 7 4 0 2 0 0 11 7 0 0 6 0 2 0 0 1
0 0 0 0 0 0 8 0 0 0 0 0 0 1 0 0 0 0 0 0 0 0 0 0 0 0 0 0 4 9 0 0 0 0 0 0 0 0 0 0 0 0 0 0 0 0 0 0 0 0 0 0 0 0 0 0 0 0 0 0 0 0 0 0
0 0 0 0 0 0 102 1 0 4 0 0 0 39 67 5 0 0 0 5 6 0 19 18 0 0 0 0 22 23 0 0 0 0 2 0 0 0 0 0 0 0 0 0 0 20 0 0 1 0 0 1 0 0 7 0 0 2 61 24 0 22 10 12
214 31 11 865 28 3 444 1390 1960 657 203 27 22 1574 950 1603 297 195 57 339 428 534 626 1398 72 21 20 2352 1367 1738 528 90 57 414 75 1262 1764 1772 164 872 262 803 1534 475 2320 1738 117 1190 1587 1543 1829 362 1239 568 645 844 344 974 1104 2730 1970 2035 435 2629
214 31 11 865 28 3 444 1390 1960 657 203 27 22 1574 950 1603 297 195 57 339 428 534 626 1398 72 21 20 2352 1367 1738 528 90 57 414 75 1262 1764 1772 164 872 262 803 1534 475 2320 1738 117 1190 1587 1543 1829 362 1239 568 645 844 344 974 1104 2730 1970 2035 435 2629
214 31 11 865 28 3 444 1390 1960 657 203 27 22 1574 950 1603 297 195 57 339 428 534 626 1398 72 21 20 2352 1367 1738 528 90 57 414 75 1262 1764 1772 164 872 262 803 1534 475 2320 1738 117 1190 1587 1543 1829 362 1239 568 645 844 344 974 1104 2730 1970 2035 435 2629
214 31 11 865 28 3 444 1390 1960 657 203 27 22 1574 950 1603 297 195 57 339 428 534 626 1398 72 21 20 2352 1367 1738 528 90 57 414 75 1262 1764 1772 164 872 262 803 1534 475 2320 1738 117 1190 1587 1543 1829 362 1239 568 645 844 344 974 1104 2730 1970 2035 435 2629
0 0 0 10 1 0 175 35 6 0 3 0 14 110 104 65 0 4 0 11 5 1 32 75 0 0 8 34 175 77 30 10 0 0 2 104 70 197 34 47 3 6 4 30 16 237 0 46 13 16 12 13 28 25 77 41 0 29 35 33 83 31 31 31
0 0 0 0 0 0 53 0 0 0 0 0 15 43 0 7 0 0 2 0 0 0 8 10 0 0 0 0 19 7 0 0 0 0 0 20 0 21 0 0 3 0 0 0 0 68 0 17 0 0 0 12 5 9 11 16 0 3 23 2 14 0 6 0
0 0 0 0 0 0 72 0 0 0 0 0 6 53 41 0 0 0 0 0 0 0 0 48 0 0 0 0 154 6 0 0 0 0 0 0 0 65 0 0 0 0 0 0 0 31 0 0 0 0 0 0 0 0 0 0 0 0 42 0 0 0 0 0
0 0 0 0 0 0 0 0 0 0 0 0 0 0 0 0 0 0 0 0 0 0 0 0 0 0 0 0 0 0 0 0 0 0 0 0 0 0 0 0 0 0 0 0 0 0 0 0 0 0 0 0 0 0 0 0 0 0 0 0 0 0 0 0
0 0 0 0 0 0 0 0 0 0 0 0 0 0 0 0 0 0 0 0 0 0 0 0 0 0 0 0 0 0 0 0 0 0 0 0 0 0 0 0 0 0 0 0 0 0 0 0 0 0 0 0 0 0 0 0 0 0 0 0 0 0 0 0
0 0 0 0 0 0 0 0 0 0 0 0 0 0 0 0 0 0 0 0 0 0 0 0 0 0 0 0 0 0 0 0 0 0 0 0 0 0 0 0 0 0 0 0 0 0 0 0 0 0 0 0 0 0 0 0 0 0 0 0 0 0 0 0
0 0 0 0 0 0 97 0 0 0 0 0 1 12 11 0 0 0 0 0 0 0 0 0 0 0 0 0 0 0 0 0 0 0 0 0 0 76 0 0 0 0 0 0 0 7 0 0 0 0 0 0 2 20 0 13 0 2 30 3 15 19 0 0
0 0 0 0 0 0 90 0 0 0 0 0 0 19 3 0 0 0 0 0 0 0 0 0 0 0 0 0 0 0 0 0 0 0 0 0 0 15 0 0 0 0 0 0 0 13 0 0 0 0 0 0 0 7 0 0 0 0 5 3 7 23 0 0
214 31 11 865 28 3 444 1390 1960 657 203 27 22 1574 950 1603 297 195 57 339 428 534 626 1398 72 21 20 2352 1367 1738 528 90 57 414 75 1262 1764 1772 164 872 262 803 1534 475 2320 1738 117 1190 1587 1543 1829 362 1239 568 645 844 344 974 1104 2730 1970 2035 435 2629
214 31 11 865 28 3 444 1390 1960 657 203 27 22 1574 950 1603 297 195 57 339 428 534 626 1398 72 21 20 2352 1367 1738 528 90 57 414 75 1262 1764 1772 164 872 262 803 1534 475 2320 1738 117 1190 1587 1543 1829 362 1239 568 645 844 344 974 1104 2730 1970 2035 435 2629
214 31 11 865 28 3 444 1390 1960 657 203 27 22 1574 950 1603 297 195 57 339 428 534 626 1398 72 21 20 2352 1367 1738 528 90 57 414 75 1262 1764 1772 164 872 262 803 1534 475 2320 1738 117 1190 1587 1543 1829 362 1239 568 645 844 344 974 1104 2730 1970 2035 435 2629
214 31 11 865 28 3 444 1390 1960 657 203 27 22 1574 950 1603 297 195 57 339 428 534 626 1398 72 21 20 2352 1367 1738 528 90 57 414 75 1262 1764 1772 164 872 262 803 1534 475 2320 1738 117 1190 1587 1543 1829 362 1239 568 645 844 344 974 1104 2730 1970 2035 435 2629
214 31 11 865 28 3 444 1390 1960 657 203 27 22 1574 950 1603 297 195 57 339 428 534 626 1398 72 21 20 2352 1367 1738 528 90 57 414 75 1262 1764 1772 164 872 262 803 1534 475 2320 1738 117 1190 1587 1543 1829 362 1239 563 645 844 344 974 1104 2730 1969 2035 435 2629
5 0 0 70 1 0 41 52 52 42 22 0 13 63 58 86 15 24 4 27 24 37 30 44 2 0 0 233 264 205 32 10 4 57 8 203 263 173 18 54 21 49 100 68 118 139 13 74 126 97 91 22 67 65 106 115 32 23 102 257 252 211 69 143
0 0 0 0 0 0 13 0 1 0 0 0 0 22 4 1 0 0 0 0 0 0 0 5 0 0 0 10 136 40 0 0 0 0 0 0 0 11 0 0 0 0 0 0 0 4 0 0 0 0 0 0 0 0 0 0 0 0 0 13 3 0 0 0
0 0 0 0 0 0 9 0 0 0 0 0 0 9 8 0 0 0 0 0 0 0 0 0 0 0 0 0 132 8 0 0 0 0 0 0 0 53 0 0 0 0 0 0 0 34 0 0 0 0 1 6 1 5 3 23 0 7 18 14 3 1 2 0
0 0 0 0 0 0 0 0 0 0 0 0 0 0 0 0 0 0 0 0 0 0 0 0 0 0 0 0 0 0 0 0 0 0 0 0 0 0 0 0 0 0 0 0 0 0 0 0 0 0 0 0 0 0 0 0 0 0 0 0 0 0 0 0
0 0 0 0 0 0 0 0 0 0 0 0 0 0 0 0 0 0 0 0 0 0 0 0 0 0 0 0 0 0 0 0 0 0 0 0 0 0 0 0 0 0 0 0 0 0 0 0 0 0 0 0 0 0 0 0 0 0 0 0 0 0 0 0
0 0 0 0 0 0 99 0 2 0 0 0 0 0 11 0 0 0 0 0 0 1 0 0 0 0 0 0 0 0 0 0 0 0 0 0 0 6 0 0 0 0 0 0 0 9 0 0 0 0 0 0 0 0 0 1 0 0 0 10 56 2 0 0
3 0 3 449 12 3 444 1390 2 0 13 17 22 1569 950 1603 7 0 2 37 428 534 626 1398 0 0 1 2126 1359 1738 528 90 15 181 73 1225 1764 1772 164 872 262 803 1534 475 2320 1738 117 1190 1587 1543 1829 362 1239 568 645 844 344 974 1104 2730 1970 2035 435 2629
214 31 11 865 28 3 444 1390 1960 657 203 27 22 1574 950 1603 297 195 57 339 428 534 626 1398 72 21 20 2352 1367 1738 528 90 57 414 75 1262 1764 1772 164 872 262 803 1534 475 2320 1738 117 1190 1587 1543 1829 362 1239 568 645 844 344 974 1104 2730 1970 2035 435 2629
214 31 11 865 28 3 444 1390 1960 657 203 27 22 1574 950 1603 297 195 57 339 428 534 626 1398 72 21 20 2352 1367 1738 528 90 57 414 75 1262 1764 1772 164 872 262 803 1534 475 2320 1738 117 1190 1587 1543 1829 362 1239 568 645 844 344 974 1104 2730 1970 2035 435 2629
214 31 11 865 28 3 444 1390 1960 657 203 27 22 1574 950 1603 297 195 57 339 428 534 626 1398 72 21 20 2352 1367 1738 528 90 57 414 75 1262 1764 1772 164 872 262 803 1534 475 2320 1738 117 1190 1587 1543 1829 362 1239 568 645 844 344 974 1104 2730 1970 2035 435 2629
214 31 11 865 28 3 444 1390 1960 657 203 27 22 1574 950 1603 297 195 57 339 428 534 626 1398 72 21 20 2352 1367 1738 528 90 57 414 75 1262 1764 1772 164 872 262 803 1534 475 2320 1738 117 1190 1587 1543 1829 362 1239 568 645 844 344 974 1104 2730 1970 2035 435 2629
205 26 11 853 28 3 444 1388 1954 633 198 27 22 1566 950 1603 297 173 46 322 428 534 626 1395 72 21 20 2185 1280 1738 528 90 57 413 75 1260 1752 1747 164 872 262 803 1534 473 2320 1738 117 1190 1587 1543 1829 362 1239 568 645 844 344 974 1104 2730 1970 2035 435 2629
0 0 0 0 0 0 20 0 0 0 0 0 2 4 7 0 0 0 0 0 0 0 0 0 0 0 0 0 0 1 0 0 0 0 0 0 0 30 0 0 0 0 0 0 0 53 0 0 0 0 0 0 0 0 0 7 0 4 2 0 1 0 0 0
0 0 0 0 0 0 104 0 0 0 0 0 3 6 12 0 0 0 0 0 0 0 0 0 0 0 0 0 0 5 0 0 0 0 0 0 0 53 0 0 0 0 0 0 0 21 0 0 2 0 0 3 0 0 0 4 0 0 4 0 5 0 0 0
0 0 0 0 0 0 1 0 0 0 0 0 0 2 1 0 0 0 0 0 0 0 0 0 0 0 0 0 0 0 0 0 0 0 0 0 0 6 0 0 0 0 0 0 0 0 0 0 0 0 0 0 0 0 0 2 0 0 0 0 0 0 0 0
214 31 11 865 28 3 444 1390 1960 657 203 27 22 1574 950 1603 297 195 57 339 428 534 626 1398 72 21 20 2352 1367 1738 528 90 57 414 75 1262 1764 1772 164 872 255 803 1534 475 2320 1738 117 1190 1572 1543 1829 362 1239 568 645 844 327 895 1104 2730 1970 2035 435 2629
0 0 0 0 0 0 0 0 0 0 0 0 0 0 0 0 0 0 0 0 0 0 0 0 0 0 0 0 0 0 0 0 0 0 0 0 0 0 0 1 0 0 0 0 0 0 0 0 0 0 0 0 0 0 0 0 0 0 0 0 0 0 0 0
17 0 0 0 0 0 0 0 247 70 0 0 0 4 2 4 0 1 0 0 0 0 0 2 0 0 0 0 0 1 0 0 0 0 0 0 0 96 0 0 0 0 0 0 0 122 0 0 0 4 13 0 0 48 86 282 36 183 891 2342 1883 2024 435 2629
0 0 0 0 0 0 112 0 0 0 0 0 0 4 17 0 0 0 0 0 0 0 0 0 0 0 0 0 0 0 0 0 0 0 0 0 0 113 0 0 0 0 0 0 0 3 0 0 0 0 0 0 0 0 0 0 0 0 0 0 0 0 0 0
214 31 11 865 28 3 444 1390 1960 657 203 27 22 1574 950 1603 297 195 57 339 428 534 626 1398 72 21 20 2352 1367 1738 528 90 57 414 75 1262 1764 1772 164 872 262 803 1534 475 2320 1738 117 1190 1587 1543 1829 362 1239 568 645 844 344 974 1104 2730 1970 2035 435 2629
214 31 11 865 28 3 444 1390 1960 657 203 27 22 1574 950 1603 297 195 57 339 428 534 626 1398 72 21 20 2352 1367 1738 528 90 57 414 75 1262 1764 1772 164 872 262 803 1534 475 2320 1738 117 1190 1587 1543 1829 362 1239 568 645 844 344 974 1104 2730 1970 2035 435 2629
214 31 11 865 28 3 444 1390 1960 657 203 27 22 1574 950 1603 297 195 57 339 428 534 626 1398 72 21 20 2352 1367 1738 528 90 57 414 75 1262 1764 1772 164 872 262 803 1534 475 2320 1738 117 1190 1587 1543 1829 362 1239 568 645 844 344 974 1104 2730 1970 2035 435 2629
214 31 11 865 28 3 444 1390 1960 657 203 27 22 1574 950 1603 297 195 57 339 428 534 626 1398 72 21 20 2352 1367 1738 528 90 57 414 75 1262 1764 1772 164 872 262 803 1534 475 2320 1738 117 1190 1587 1543 1829 362 1239 568 645 844 344 974 1104 2730 1970 2035 435 2629
214 31 11 865 28 3 444 1390 1960 657 203 27 22 1574 950 1603 297 195 57 339 428 534 626 1398 72 21 20 2352 1367 1738 528 90 57 414 75 1262 1758 1607 130 325 170 330 182 94 81 638 5 89 49 72 22 5 52 21 43 87 1 36 23 18 65 66 21 81
0 0 0 0 0 0 77 0 0 0 0 0 11 20 21 6 0 0 0 0 0 0 0 0 0 0 0 4 0 3 0 4 0 0 0 0 0 76 0 1 0 0 0 0 0 48 0 0 0 0 0 0 0 0 0 1 0 3 16 0 0 0 0 0
214 31 11 865 28 3 444 1357 1960 657 203 27 22 1574 897 1528 297 195 57 339 428 534 621 1130 72 21 20 2352 1367 1737 517 85 32 343 75 1236 1743 1724 154 842 60 313 274 287 1717 1563 76 1093 599 845 1184 127 692 50 108 129 64 269 135 66 95 14 8 1
0 0 0 0 0 0 2 2 0 0 0 0 0 0 0 0 0 0 0 0 0 0 6 0 0 0 0 0 0 0 0 0 0 0 0 0 0 0 0 0 0 0 0 0 0 1 0 0 0 0 0 0 0 0 0 0 0 0 0 0 0 0 0 0
0 0 0 0 0 0 0 0 3 0 0 0 0 1 6 14 0 0 0 0 0 0 4 0 0 0 0 0 0 0 0 0 0 0 0 0 0 0 0 0 0 0 5 0 0 0 0 0 0 0 0 0 0 0 0 0 0 0 0 0 0 0 0 0
0 0 0 0 0 0 0 0 0 0 0 0 0 0 0 0 0 0 0 0 0 0 0 0 0 0 0 0 0 0 0 0 0 0 0 0 0 0 0 0 0 0 0 0 0 0 0 0 0 0 0 0 0 0 0 0 0 0 0 0 0 0 0 0
0 0 0 2 0 0 85 0 12 0 0 0 0 2 40 26 0 0 2 0 0 0 5 22 0 0 0 0 2 0 0 0 0 0 0 6 0 135 6 0 2 1 21 2 0 172 0 0 0 0 0 4 1 0 2 6 0 4 20 5 0 0 0 7
0 0 0 1 0 0 66 0 7 0 2 0 0 10 41 3 0 0 2 0 0 0 0 13 0 0 0 0 0 0 0 0 0 0 0 0 0 141 0 0 0 0 1 0 0 45 0 0 0 0 0 1 0 0 0 0 0 5 12 0 0 0 0 0
214 31 11 865 28 3 444 1390 1960 657 203 27 22 1574 950 1603 297 195 57 339 428 534 626 1398 72 21 20 2352 1367 1738 528 90 57 414 75 1262 1764 1772 164 872 262 803 1534 475 2320 1738 117 1190 1587 1543 1829 362 1239 568 645 844 344 974 1104 2730 1970 2035 435 2629
214 31 11 865 28 3 444 1390 1960 657 203 27 22 1574 950 1603 297 195 57 339 428 534 626 1398 72 21 20 2352 1367 1738 528 90 57 414 75 1262 1764 1772 164 872 262 803 1534 475 2320 1738 117 1190 1587 1543 1829 362 1239 568 645 844 344 974 1104 2730 1970 2035 435 2629
214 31 11 865 28 3 444 1390 1960 657 203 27 22 1574 950 1603 297 195 57 339 428 534 626 1398 72 21 20 2352 1367 1738 528 90 57 414 75 1262 1764 1772 164 872 262 803 1534 475 2320 1738 117 1190 1587 1543 1829 362 1239 568 645 844 344 974 1104 2730 1970 2035 435 2629
214 31 11 865 28 3 444 1390 1960 657 203 27 22 1574 950 1603 297 195 57 339 428 534 626 1398 72 21 20 2352 1367 1738 528 90 57 414 75 1262 1764 1772 164 872 262 803 1534 475 2320 1738 117 1190 1587 1543 1829 362 1239 568 645 844 344 974 1104 2730 1970 2035 435 2629
0 0 0 56 2 0 100 62 6 7 13 0 10 92 329 362 4 6 0 3 36 10 60 270 0 0 5 135 149 52 53 21 7 32 0 124 168 290 61 138 6 101 257 147 263 195 11 46 19 90 146 51 96 51 36 71 5 43 66 336 416 186 59 597
0 0 0 41 1 0 47 39 25 0 7 0 11 47 75 216 0 0 2 0 1 0 50 85 0 0 0 7 5 5 0 4 0 0 0 1 2 32 2 47 0 17 116 7 1 68 2 2 0 8 3 10 0 6 0 5 0 0 9 2 11 17 0 1
0 0 0 0 0 0 33 0 10 0 0 0 0 7 16 34 0 0 0 0 0 0 13 7 0 0 0 0 0 0 0 0 0 0 0 0 0 102 0 0 0 0 0 1 0 56 0 0 0 0 0 0 0 0 0 0 0 0 6 0 0 0 0 0
7 0 0 65 1 0 212 466 43 28 111 3 1 109 199 184 12 42 21 0 0 81 107 453 0 0 0 16 79 90 23 9 0 1 4 409 51 131 53 360 0 11 3 16 17 955 0 564 1 0 2 61 5 11 414 421 0 8 60 1 21 146 76 1479
214 31 11 865 28 3 444 1390 1960 657 203 27 22 1574 950 1603 297 195 57 339 428 534 626 1398 72 21 20 2352 1367 1738 528 90 57 414 75 1262 1764 1772 164 872 262 803 1534 475 2320 1738 117 1190 1587 1543 1829 362 1239 568 645 844 344 974 1104 2730 1970 2035 435 2629
0 0 0 0 0 0 1 0 0 0 0 0 0 0 0 0 0 0 0 0 0 0 0 0 0 0 0 0 0 0 0 0 0 0 0 0 0 0 0 0 0 0 0 0 0 8 0 0 0 0 0 0 0 0 0 0 0 0 4 0 0 0 0 0
0 0 0 0 0 0 0 0 0 0 0 0 0 0 0 0 0 0 0 0 0 0 0 0 0 0 0 0 0 0 0 0 0 0 0 0 0 98 0 0 0 0 0 0 0 67 0 0 0 0 0 0 0 0 0 0 0 1 9 0 0 0 0 0
41 8 2 53 0 0 118 283 310 37 17 8 14 62 48 35 16 51 2 85 3 0 6 51 0 5 2 1150 32 46 5 2 4 77 7 29 82 148 3 0 35 42 19 2 149 131 0 0 0 0 0 0 0 0 0 0 0 0 11 0 0 0 0 0
214 31 11 865 28 3 444 1390 1960 657 203 27 22 1574 950 1603 297 195 57 339 428 534 626 1398 72 21 20 2352 1367 1738 528 90 57 414 75 1262 1764 1772 164 872 262 803 1534 475 2320 1738 117 1190 1587 1543 1829 362 1239 568 645 844 344 974 1104 2730 1970 2035 435 2629
214 31 11 865 28 3 444 1390 1960 657 203 27 22 1574 950 1603 297 195 57 339 428 534 626 1398 72 21 20 2352 1367 1738 528 90 57 414 75 1262 1764 1772 164 872 262 803 1534 475 2320 1738 117 1190 1587 1543 1829 362 1239 568 645 844 344 974 1104 2730 1970 2035 435 2629
214 31 11 865 28 3 444 1390 1960 657 203 27 22 1574 950 1603 297 195 57 339 428 534 626 1398 72 21 20 2352 1367 1738 528 90 57 414 75 1262 1764 1772 164 872 262 803 1534 475 2320 1738 117 1190 1587 1543 1829 362 1239 568 645 844 344 974 1104 2730 1970 2035 435 2629
214 31 11 865 28 3 444 1390 1960 657 203 27 22 1574 950 1603 297 195 57 339 428 534 626 1398 72 21 20 2352 1367 1738 528 90 57 414 75 1262 1764 1772 164 872 262 803 1534 475 2320 1738 117 1190 1587 1543 1829 362 1239 568 645 844 344 974 1104 2730 1970 2035 435 2629
214 31 11 853 25 3 444 1237 1756 572 172 21 22 1551 777 1232 269 186 52 310 387 509 470 1287 31 18 18 2223 1242 1400 471 87 56 398 50 1023 1444 1515 152 815 227 738 1322 404 1904 1475 97 1149 1292 1270 1502 326 1170 514 587 464 230 903 964 2422 1483 1489 369 2147
214 31 11 865 28 3 444 1390 1960 657 203 27 22 1574 950 1603 297 195 57 339 428 534 626 1398 72 21 20 2352 1367 1738 528 90 57 414 75 1262 1764 1658 150 713 161 413 365 231 650 500 71 1121 276 422 175 66 194 137 277 762 116 383 180 283 483 368 289 1872
0 0 0 0 0 0 25 0 4 0 0 0 0 16 12 1 2 0 0 0 0 0 2 11 0 0 0 0 9 1 0 0 0 0 0 0 0 35 2 0 0 0 0 0 0 29 0 0 0 0 0 0 0 0 0 0 0 0 5 0 4 0 0 0
0 0 0 0 0 0 12 7 0 0 0 0 0 2 7 16 0 0 0 0 0 0 13 0 0 0 2 0 9 23 0 0 0 0 0 0 40 24 1 0 0 0 0 1 0 71 0 2 0 0 0 0 7 0 0 0 0 4 2 4 1 4 0 0
43 20 0 40 0 0 73 159 234 41 11 0 0 105 295 624 83 43 0 108 91 64 183 432 29 3 6 511 229 231 105 8 11 89 64 374 286 404 23 139 203 150 719 201 627 261 5 99 645 417 552 111 139 123 75 181 98 446 188 535 420 389 194 356
214 31 11 810 27 3 444 1387 1954 657 203 27 22 1574 950 1603 297 195 57 339 428 534 626 1398 72 21 20 2352 1367 1738 528 90 57 414 75 1262 1762 1772 164 872 262 803 1534 473 2320 1729 116 1186 1587 1543 1829 362 1239 568 619 844 339 973 1103 2730 1970 2035 435 2629
135 0 9 35 0 0 165 57 1213 521 123 4 0 7 13 97 102 97 13 108 18 1 18 32 29 0 9 71 199 52 1 1 57 411 72 448 311 236 2 105 262 796 1492 328 447 283 1 20 1587 1543 1644 82 141 150 169 289 344 974 1104 2455 970 529 160 1057
1 0 0 0 0 0 93 30 6 0 2 0 2 13 26 116 2 20 2 32 0 1 28 23 0 0 0 24 77 80 5 0 10 9 2 107 74 139 0 124 12 21 215 24 75 64 0 55 50 24 34 3 41 49 34 70 55 107 105 205 331 404 44 507
214 31 11 865 28 3 444 1390 1960 657 203 27 22 1574 950 1603 297 195 57 339 428 534 626 1398 72 21 20 2352 1367 1738 528 90 57 414 75 1262 1764 1772 164 872 262 803 1534 475 2320 1738 117 1190 1587 1543 1829 362 1239 568 645 844 344 974 1104 2730 1970 2035 435 2629
214 31 11 865 28 3 444 1390 1960 657 203 27 22 1574 950 1603 297 195 57 339 428 534 626 1398 72 21 20 2352 1367 1738 528 90 57 414 75 1262 1764 1772 164 872 262 803 1534 475 2320 1738 117 1190 1587 1543 1829 362 1239 568 645 844 344 974 1104 2730 1970 2035 435 2629
214 31 11 865 28 3 444 1390 1960 657 203 27 22 1574 950 1603 297 195 57 339 428 534 626 1398 72 21 20 2352 1367 1738 528 90 57 414 75 1262 1764 1772 164 872 262 803 1534 475 2320 1738 117 1190 1587 1543 1829 362 1239 568 645 844 344 974 1104 2730 1970 2035 435 2629
214 31 11 865 28 3 444 1390 1960 657 203 27 22 1574 950 1603 297 195 57 339 428 534 626 1398 72 21 20 2352 1367 1738 528 90 57 414 75 1262 1764 1772 164 872 262 803 1534 475 2320 1738 117 1190 1587 1543 1829 362 1239 568 645 844 344 974 1104 2730 1970 2035 435 2629
214 31 11 865 28 3 444 1390 1960 657 203 27 22 1569 950 1603 297 195 57 339 428 533 626 1397 72 21 20 2352 1367 1738 528 90 57 414 75 1262 1764 1772 164 872 262 803 1534 475 2320 1738 117 1190 1587 1543 1829 362 1239 568 645 844 344 974 1104 2730 1970 2035 435 2629
12 2 0 61 0 0 4 65 35 4 2 1 9 34 29 109 3 1 0 3 14 27 19 127 2 0 5 78 27 40 11 0 0 17 1 24 115 142 7 30 3 19 41 17 137 91 0 80 21 35 38 6 44 8 9 35 6 31 26 56 25 31 20 78
0 0 0 0 0 0 1 0 0 0 0 0 0 2 1 0 0 0 0 2 2 0 0 0 1 0 0 0 1 19 0 0 0 0 0 3 25 7 0 0 0 1 2 4 0 16 0 35 1 0 9 0 4 0 0 5 1 5 3 6 4 1 6 4
0 0 0 0 0 0 0 0 0 0 0 0 0 0 0 0 0 0 0 0 0 0 0 0 0 0 0 0 1 1 0 0 0 0 0 1 0 0 0 0 0 0 2 0 1 0 0 0 0 0 0 0 0 0 0 0 0 1 5 3 1 0 0 2
0 0 0 0 0 0 0 0 0 0 0 0 0 0 0 1 0 0 0 0 0 0 1 0 0 0 0 0 0 0 0 0 0 0 0 0 2 0 0 0 0 0 0 0 3 0 0 0 0 0 0 0 0 0 0 0 0 0 0 2 1 4 0 0
0 0 0 0 0 0 32 0 0 0 0 0 0 1 24 34 0 0 0 0 2 0 4 25 0 0 0 30 9 37 26 0 0 15 2 49 74 30 0 6 1 4 24 23 15 22 2 31 7 12 6 0 29 4 4 21 7 12 170 693 120 50 32 386
0 0 0 0 0 0 0 0 0 0 0 0 0 0 0 1 0 0 0 0 0 0 0 0 0 0 0 0 0 0 0 0 0 0 0 0 0 0 0 0 0 0 0 2 0 0 0 0 0 0 0 0 0 0 0 0 0 0 0 5 3 0 0 3
0 0 0 0 0 0 10 1 11 0 0 0 2 3 4 7 0 0 0 2 0 0 1 6 0 0 0 0 2 4 0 0 0 0 0 3 14 17 0 1 0 2 2 7 3 13 0 4 0 0 0 4 4 0 1 0 0 0 0 6 6 8 2 42
214 31 11 865 28 3 444 1390 1960 657 203 27 22 1574 950 1603 297 195 57 339 428 534 626 1398 72 21 20 2352 1367 1738 528 90 57 414 75 1262 1764 1772 164 872 262 803 1534 475 2320 1738 117 1190 1587 1543 1829 362 1239 568 645 844 344 974 1104 2730 1970 2035 435 2629
214 31 11 865 28 3 444 1390 1960 657 203 27 22 1574 950 1603 297 195 57 339 428 534 626 1398 72 21 20 2352 1367 1738 528 90 57 414 75 1262 1764 1772 164 872 262 803 1534 475 2320 1738 117 1190 1587 1543 1829 362 1239 568 645 844 344 974 1104 2730 1970 2035 435 2629
214 31 11 865 28 3 444 1390 1960 657 203 27 22 1574 950 1603 297 195 57 339 428 534 626 1398 72 21 20 2352 1367 1738 528 90 57 414 75 1262 1764 1772 164 872 262 803 1534 475 2320 1738 117 1190 1587 1543 1829 362 1239 568 645 844 344 974 1104 2730 1970 2035 435 2629
214 31 11 865 28 3 444 1390 1960 657 203 27 22 1574 950 1603 297 195 57 339 428 534 626 1398 72 21 20 2352 1367 1738 528 90 57 414 75 1262 1764 1772 164 872 262 803 1534 475 2320 1738 117 1190 1587 1543 1829 362 1239 568 645 844 344 974 1104 2730 1970 2035 435 2629
214 31 11 865 28 3 444 1390 1960 657 203 27 22 1574 950 1603 297 195 57 339 428 534 626 1398 72 21 20 2352 1367 1738 528 90 57 414 75 1262 1764 1772 164 872 262 803 1534 475 2320 1738 117 1190 1587 1543 1829 362 1239 568 645 844 344 974 1104 2730 1970 2035 435 2629
148 6 1 187 2 0 99 399 857 152 30 4 10 306 270 275 95 36 27 27 113 121 91 259 24 6 1 690 271 394 120 26 21 127 17 149 479 442 32 134 54 259 256 69 572 808 22 114 348 413 398 70 254 60 44 120 68 219 207 504 347 266 64 124
0 0 0 0 0 0 6 3 47 8 0 0 0 9 53 10 0 0 0 6 3 5 7 17 4 0 0 5 28 17 13 0 2 11 0 8 36 33 0 15 0 11 3 0 23 24 0 20 4 25 13 0 30 11 14 7 1 2 15 67 16 24 4 18
0 0 0 5 0 0 10 0 29 0 0 0 0 2 11 20 2 0 0 3 8 0 8 33 0 0 0 0 12 11 8 0 0 2 0 9 17 4 0 0 0 1 0 4 6 10 0 15 0 2 0 0 27 0 6 6 0 3 1 8 3 1 2 8
0 0 0 0 0 0 3 5 81 16 1 0 0 0 6 11 27 5 1 3 5 0 3 11 3 0 0 5 10 25 14 0 0 15 0 8 23 9 0 5 0 13 10 5 42 30 0 36 19 4 5 0 32 5 0 0 5 9 10 29 3 2 8 11
0 0 0 0 0 0 0 0 0 0 0 0 0 0 2 2 2 0 0 0 0 0 0 1 0 0 0 0 0 0 0 0 0 11 0 0 0 0 0 0 0 0 0 0 0 0 0 1 0 0 0 0 0 0 0 0 0 0 0 6 0 0 0 0
0 0 0 0 0 0 0 3 35 0 1 0 2 3 2 7 6 0 2 5 26 0 0 11 8 2 0 0 7 20 4 0 5 83 2 39 56 1 0 0 4 12 20 1 2 2 0 1 16 2 6 0 2 0 0 0 5 6 0 6 1 1 0 1
0 0 0 25 0 0 56 107 285 34 15 0 11 87 114 250 58 17 0 53 41 49 168 345 11 2 6 20 102 170 53 19 18 106 2 243 245 159 1 216 24 67 150 58 354 138 25 680 78 98 112 25 155 127 153 241 36 72 111 364 414 550 235 1312
214 31 11 865 28 3 444 1390 1960 657 203 27 22 1574 950 1603 297 195 57 339 428 534 626 1398 72 21 20 2352 1367 1738 528 90 57 414 75 1262 1764 1772 164 872 262 803 1534 475 2320 1738 117 1190 1587 1543 1829 362 1239 568 645 844 344 974 1104 2730 1970 2035 435 2629
214 31 11 865 28 3 444 1390 1960 657 203 27 22 1574 950 1603 297 195 57 339 428 534 626 1398 72 21 20 2352 1367 1738 528 90 57 414 75 1262 1764 1772 164 872 262 803 1534 475 2320 1738 117 1190 1587 1543 1829 362 1239 568 645 844 344 974 1104 2730 1970 2035 435 2629
214 31 11 865 28 3 444 1390 1960 657 203 27 22 1574 950 1603 297 195 57 339 428 534 626 1398 72 21 20 2352 1367 1738 528 90 57 414 75 1262 1764 1772 164 872 262 803 1534 475 2320 1738 117 1190 1587 1543 1829 362 1239 568 645 844 344 974 1104 2730 1970 2035 435 2629
214 31 11 865 28 3 444 1390 1960 657 203 27 22 1574 950 1603 297 195 57 339 428 534 626 1398 72 21 20 2352 1367 1738 528 90 57 414 75 1262 1764 1772 164 872 262 803 1534 475 2320 1738 117 1190 1587 1543 1829 362 1239 568 645 844 344 974 1104 2730 1970 2035 435 2629
170 27 7 471 6 3 386 948 972 226 153 19 2 1035 478 792 158 193 49 288 391 432 321 1069 67 21 20 2146 1205 1328 436 88 57 414 73 1120 1296 1596 156 786 258 803 1527 343 2172 1638 105 1190 1586 1532 1824 344 1108 520 637 844 344 970 1040 2730 1970 2035 435 2629
2 0 0 73 0 0 12 167 32 34 8 0 0 94 200 112 7 7 3 1 13 22 34 72 0 0 1 307 65 70 41 1 0 0 1 50 112 124 16 29 18 36 16 12 109 38 6 54 65 49 74 2 22 35 14 65 0 7 30 150 104 108 18 101
20 3 5 149 6 0 61 271 113 121 28 5 13 260 361 315 39 37 13 25 36 86 165 214 13 4 4 562 193 209 141 19 13 20 8 184 368 293 28 144 55 132 177 80 517 186 32 197 240 275 268 79 193 88 119 201 48 129 169 331 332 364 86 400
7 0 0 3 0 0 11 9 40 5 5 0 0 32 56 19 10 0 1 12 5 16 18 36 0 0 0 6 6 25 13 2 1 19 0 16 24 19 0 15 1 4 16 5 14 2 0 4 12 5 5 0 6 4 2 10 1 11 15 16 17 7 4 31
2 0 0 9 0 0 21 29 71 2 3 0 0 109 63 32 10 0 2 14 27 27 31 9 2 0 1 31 4 25 62 4 0 34 0 48 122 98 4 102 6 6 32 21 143 379 3 143 33 0 13 0 13 0 4 2 2 0 1 7 14 0 1 4
0 0 0 0 0 0 3 1 0 0 0 0 5 1 0 9 0 0 0 0 4 0 0 4 0 0 0 0 0 0 0 1 0 0 0 0 0 0 0 0 0 0 2 2 3 3 0 10 18 11 3 0 6 3 0 1 2 3 1 1 0 0 0 0
0 0 0 1 0 0 1 6 18 0 0 0 0 21 15 40 0 0 0 4 21 9 2 45 0 0 0 6 10 24 8 0 0 3 0 45 29 22 0 11 52 11 17 1 9 9 1 7 82 20 2 2 1 4 2 0 15 15 5 5 2 6 2 7
0 0 0 3 0 0 2 10 5 0 0 0 0 26 34 33 2 0 0 0 2 7 5 43 0 0 0 4 4 4 7 0 0 0 0 13 14 2 0 1 1 0 2 0 12 2 0 0 15 2 1 0 0 0 4 1 8 7 5 6 2 14 1 14
214 31 11 865 28 3 444 1390 1960 657 203 27 22 1574 950 1603 297 195 57 339 428 534 626 1398 72 21 20 2352 1367 1738 528 90 57 414 75 1262 1764 1772 164 872 262 803 1534 475 2320 1738 117 1190 1587 1543 1829 362 1239 568 645 844 344 974 1104 2730 1970 2035 435 2629
214 31 11 865 28 3 444 1390 1960 657 203 27 22 1574 950 1603 297 195 57 339 428 534 626 1398 72 21 20 2352 1367 1738 528 90 57 414 75 1262 1764 1772 164 872 262 803 1534 475 2320 1738 117 1190 1587 1543 1829 362 1239 568 645 844 344 974 1104 2730 1970 2035 435 2629
214 31 11 865 28 3 444 1390 1960 657 203 27 22 1574 950 1603 297 195 57 339 428 534 626 1398 72 21 20 2352 1367 1738 528 90 57 414 75 1262 1764 1772 164 872 262 803 1534 475 2320 1738 117 1190 1587 1543 1829 362 1239 568 645 844 344 974 1104 2730 1970 2035 435 2629
214 31 11 865 28 3 444 1390 1960 657 203 27 22 1574 950 1603 297 195 57 339 428 534 626 1398 72 21 20 2352 1367 1738 528 90 57 414 75 1262 1764 1772 164 872 262 803 1534 475 2320 1738 117 1190 1587 1543 1829 362 1239 568 645 844 344 974 1104 2730 1970 2035 435 2629
214 31 11 865 28 3 444 1390 1960 657 203 27 22 1574 950 1603 297 195 57 339 428 534 626 1398 72 21 20 2352 1367 1738 528 90 57 414 75 1262 1764 1772 164 872 262 803 1534 475 2320 1738 117 1190 1587 1543 1829 362 1239 568 645 844 344 974 1104 2730 1970 2035 435 2629
167 20 10 496 9 1 107 411 967 318 172 20 10 376 258 715 162 156 5 24 50 99 411 1074 33 15 6 767 451 237 239 76 12 59 12 685 541 354 60 644 43 99 186 86 189 103 29 570 249 373 164 43 77 49 104 162 120 124 86 45 80 182 139 595
4 0 0 4 0 0 1 22 11 2 0 0 0 6 10 20 0 1 0 0 0 0 0 0 2 0 0 29 24 16 8 5 0 3 0 0 6 0 0 0 3 22 26 2 16 9 1 9 18 35 30 8 50 4 28 14 0 4 0 0 0 0 0 0
0 0 0 0 0 0 1 0 0 0 0 0 0 3 3 0 0 0 0 0 0 0 0 0 0 0 0 0 0 2 0 0 0 0 0 5 0 0 0 0 0 0 1 0 0 0 0 0 0 0 0 0 0 0 3 0 0 0 0 2 0 0 0 0
0 0 0 0 0 0 6 5 2 4 0 0 0 12 7 5 3 0 0 0 5 1 0 4 0 0 0 20 2 2 1 0 0 0 0 8 2 2 0 4 0 3 2 0 0 7 0 3 1 3 1 0 1 0 2 0 0 1 4 7 2 2 0 1
0 0 0 0 0 0 0 0 0 0 0 0 0 0 1 0 0 0 0 0 0 1 0 0 0 0 0 0 0 0 0 0 0 0 0 0 0 0 0 3 0 0 2 0 0 0 0 0 0 0 2 0 0 2 0 0 0 0 0 0 1 2 0 0
0 0 0 0 0 0 1 4 9 2 0 0 0 8 4 12 1 0 0 0 0 0 2 4 0 0 0 4 0 6 1 0 0 4 2 2 5 9 0 3 0 0 2 0 1 1 0 0 3 0 5 0 1 2 1 1 0 1 5 5 0 9 0 9
0 0 0 2 0 0 1 3 17 1 0 0 0 5 12 33 0 0 0 0 14 4 1 18 3 1 2 20 4 32 7 1 1 7 0 16 16 79 0 7 0 1 11 0 0 5 0 1 1 2 5 0 5 0 4 5 0 1 11 31 26 34 0 39
214 31 11 865 28 3 444 1390 1960 657 203 27 22 1574 950 1603 297 195 57 339 428 534 626 1398 72 21 20 2352 1367 1738 528 90 57 414 75 1262 1764 1772 164 872 262 803 1534 475 2320 1738 117 1190 1587 1543 1829 362 1239 568 645 844 344 974 1104 2730 1970 2035 435 2629
214 31 11 865 28 3 444 1390 1960 657 203 27 22 1574 950 1603 297 195 57 339 428 534 626 1398 72 21 20 2352 1367 1738 528 90 57 414 75 1262 1764 1772 164 872 262 803 1534 475 2320 1738 117 1190 1587 1543 1829 362 1239 568 645 844 344 974 1104 2730 1970 2035 435 2629
214 31 11 865 28 3 444 1390 1960 657 203 27 22 1574 950 1603 297 195 57 339 428 534 626 1398 72 21 20 2352 1367 1738 528 90 57 414 75 1262 1764 1772 164 872 262 803 1534 475 2320 1738 117 1190 1587 1543 1829 362 1239 568 645 844 344 974 1104 2730 1970 2035 435 2629
214 31 11 865 28 3 444 1390 1960 657 203 27 22 1574 950 1603 297 195 57 339 428 534 626 1398 72 21 20 2352 1367 1738 528 90 57 414 75 1262 1764 1772 164 872 262 803 1534 475 2320 1738 117 1190 1587 1543 1829 362 1239 568 645 844 344 974 1104 2730 1970 2035 435 2629
214 31 11 865 28 3 444 1390 1960 657 203 27 22 1574 950 1603 297 195 57 339 428 534 626 1398 72 21 20 2352 1367 1738 528 90 57 414 75 1262 1758 1711 164 699 262 789 1514 428 1806 983 102 628 1487 1515 1402 341 796 418 560 590 284 965 1060 2260 1704 1476 301 2238
31 1 2 77 3 0 15 75 282 111 49 3 4 44 191 285 58 33 6 104 55 41 235 287 17 1 0 185 242 211 81 10 11 47 2 241 363 239 3 62 28 94 89 77 485 55 0 60 127 99 53 11 36 36 69 72 21 70 56 133 259 346 34 217
214 31 11 861 28 3 436 1390 1619 601 203 27 22 1487 916 1330 287 189 52 339 402 426 626 1398 72 21 19 2011 1328 1678 519 90 53 367 75 1142 1672 1513 153 872 212 584 859 419 2159 1360 113 1158 1369 1163 704 310 899 432 556 781 312 879 554 1094 1522 1624 321 2185
0 0 0 12 0 0 157 433 98 3 3 6 5 289 81 93 57 1 0 114 23 160 19 114 33 6 3 831 55 137 186 39 4 103 31 578 501 484 20 247 11 80 295 128 1250 1111 72 478 63 88 427 111 479 153 129 210 7 44 157 278 518 479 45 141
0 0 0 0 0 0 0 0 0 0 0 0 0 1 0 0 0 0 0 0 0 0 0 0 0 0 0 0 1 0 0 0 0 0 0 0 0 0 0 0 0 0 0 0 0 0 0 0 0 0 0 0 0 0 0 0 0 0 0 0 0 0 0 0
118 0 0 205 12 0 423 395 1754 543 182 4 22 1431 397 453 297 189 52 339 426 454 24 223 72 21 20 2322 1364 1508 160 6 57 414 75 1241 1355 1223 8 168 262 803 1518 314 466 300 8 654 1587 1352 1110 39 169 56 63 272 269 683 265 277 108 107 11 471
0 0 0 2 0 0 6 18 6 0 0 0 2 24 5 48 0 0 0 4 12 9 2 33 0 1 0 18 6 57 14 1 0 12 0 35 40 13 1 23 0 17 34 6 22 6 0 33 20 17 9 16 24 12 17 15 1 12 117 317 180 161 31 242
2 0 0 18 0 0 6 22 54 28 8 0 0 6 21 67 42 5 0 19 17 3 16 66 4 0 6 85 32 64 5 3 2 11 0 60 83 120 4 13 3 6 23 18 16 10 0 10 17 14 26 3 5 6 16 20 11 10 20 87 39 60 11 118
214 31 11 865 28 3 444 1390 1960 657 203 27 22 1574 950 1603 297 195 57 339 428 534 626 1398 72 21 20 2352 1367 1738 528 90 57 414 75 1262 1764 1772 164 872 262 803 1534 475 2320 1738 117 1190 1587 1543 1829 362 1239 568 645 844 344 974 1104 2730 1970 2035 435 2629
214 31 11 865 28 3 444 1390 1960 657 203 27 22 1574 950 1603 297 195 57 339 428 534 626 1398 72 21 20 2352 1367 1738 528 90 57 414 75 1262 1764 1772 164 872 262 803 1534 475 2320 1738 117 1190 1587 1543 1829 362 1239 568 645 844 344 974 1104 2730 1970 2035 435 2629
214 31 11 865 28 3 444 1390 1960 657 203 27 22 1574 950 1603 297 195 57 339 428 534 626 1398 72 21 20 2352 1367 1738 528 90 57 414 75 1262 1764 1772 164 872 262 803 1534 475 2320 1738 117 1190 1587 1543 1829 362 1239 568 645 844 344 974 1104 2730 1970 2035 435 2629
214 31 11 865 28 3 444 1390 1960 657 203 27 22 1574 950 1603 297 195 57 339 428 534 626 1398 72 21 20 2352 1367 1738 528 90 57 414 75 1262 1764 1772 164 872 262 803 1534 475 2320 1738 117 1190 1587 1543 1829 362 1239 568 645 844 344 974 1104 2730 1970 2035 435 2629
88 11 8 307 7 3 218 645 824 283 68 11 2 911 575 698 138 74 41 173 176 158 334 483 19 9 2 944 685 634 142 22 13 117 38 550 836 955 83 331 69 358 678 229 1370 1299 43 676 618 669 1249 150 628 174 308 404 133 389 356 1472 1162 947 210 1171
47 11 2 214 7 0 17 92 499 199 44 5 7 91 330 371 89 50 33 126 93 53 204 309 10 4 0 476 372 337 55 20 16 82 21 335 505 451 25 155 44 196 214 146 669 169 11 100 386 351 192 84 133 120 130 195 97 222 182 354 564 647 118 507
56 7 0 277 8 0 56 223 532 284 61 3 12 159 360 461 97 65 17 157 146 135 233 412 21 6 6 482 319 364 71 24 18 83 13 460 604 600 44 253 38 210 284 167 606 173 12 121 319 372 315 71 238 163 143 243 92 226 325 589 721 816 147 930
21 0 0 44 1 0 195 83 241 3 0 0 0 866 174 346 4 0 2 18 91 247 474 655 2 0 0 98 156 103 7 22 1 19 3 183 212 130 0 385 6 24 55 48 224 231 0 394 43 51 48 21 303 98 16 153 9 41 71 255 161 155 26 494
0 0 0 0 0 0 0 0 0 0 0 0 0 0 0 0 0 0 0 0 0 0 0 0 0 0 0 0 0 0 0 0 0 0 0 0 0 0 0 0 0 0 0 0 0 0 0 0 0 0 0 0 0 0 0 0 0 0 0 0 0 0 0 0
0 0 0 0 0 0 0 2 0 0 0 0 0 0 0 0 0 0 0 0 0 0 0 0 0 0 0 0 0 0 0 0 0 0 0 0 0 0 0 0 0 0 0 0 0 0 0 0 0 0 0 0 0 0 0 0 0 0 0 0 0 0 0 0
0 0 0 0 0 0 0 0 3 0 0 0 0 1 0 1 0 0 0 0 0 0 0 0 0 0 0 0 0 0 0 0 0 0 0 0 0 0 0 0 0 0 0 0 0 0 0 0 0 0 0 0 0 0 0 0 0 0 0 2 0 0 0 0
1 0 0 0 0 0 0 1 7 0 2 0 0 0 0 3 0 0 0 0 1 0 0 10 0 0 2 2 0 3 0 0 0 0 0 4 6 3 0 3 2 1 2 1 5 0 0 0 2 0 0 0 3 0 1 3 0 0 7 27 24 8 0 3
214 31 11 865 28 3 444 1390 1960 657 203 27 22 1574 950 1603 297 195 57 339 428 534 626 1398 72 21 20 2352 1367 1738 528 90 57 414 75 1262 1764 1772 164 872 262 803 1534 475 2320 1738 117 1190 1587 1543 1829 362 1239 568 645 844 344 974 1104 2730 1970 2035 435 2629
214 31 11 865 28 3 444 1390 1960 657 203 27 22 1574 950 1603 297 195 57 339 428 534 626 1398 72 21 20 2352 1367 1738 528 90 57 414 75 1262 1764 1772 164 872 262 803 1534 475 2320 1738 117 1190 1587 1543 1829 362 1239 568 645 844 344 974 1104 2730 1970 2035 435 2629
214 31 11 865 28 3 444 1390 1960 657 203 27 22 1574 950 1603 297 195 57 339 428 534 626 1398 72 21 20 2352 1367 1738 528 90 57 414 75 1262 1764 1772 164 872 262 803 1534 475 2320 1738 117 1190 1587 1543 1829 362 1239 568 645 844 344 974 1104 2730 1970 2035 435 2629
214 31 11 865 28 3 444 1390 1960 657 203 27 22 1574 950 1603 297 195 57 339 428 534 626 1398 72 21 20 2352 1367 1738 528 90 57 414 75 1262 1764 1772 164 872 262 803 1534 475 2320 1738 117 1190 1587 1543 1829 362 1239 568 645 844 344 974 1104 2730 1970 2035 435 2629
61 0 2 171 10 3 56 483 656 152 40 1 0 195 274 476 112 42 13 118 82 176 196 411 17 5 6 603 440 512 85 5 8 83 11 491 657 367 14 365 56 272 643 191 659 558 10 435 514 521 668 154 440 190 150 287 99 344 203 616 577 673 104 591
12 0 0 57 0 0 8 137 275 35 2 0 0 9 144 218 21 4 0 7 0 5 63 246 2 2 0 374 123 75 26 19 10 43 0 226 166 77 12 60 1 22 91 45 143 62 0 109 39 26 12 1 53 35 61 93 11 12 23 120 200 589 71 443
2 0 0 17 0 0 2 22 30 1 5 0 0 16 47 99 1 0 0 12 12 5 22 74 1 0 0 59 97 40 2 0 0 8 0 44 119 20 0 11 2 10 29 11 83 8 0 13 18 16 20 2 6 3 5 12 4 7 22 38 23 55 2 44
0 0 0 0 0 0 0 2 0 0 0 0 0 5 2 0 0 0 0 0 0 2 0 0 0 0 0 0 0 0 0 0 0 0 0 0 0 0 0 0 0 0 0 0 0 0 0 0 0 0 0 0 0 0 1 0 0 0 0 1 0 0 0 0
0 0 0 0 0 0 0 0 0 0 0 0 0 0 0 0 0 0 0 0 0 0 0 0 0 0 0 0 0 0 0 0 0 0 0 0 0 0 0 0 0 0 0 0 0 0 0 0 0 0 0 0 0 0 0 0 0 0 0 0 0 0 0 0
0 0 0 0 0 0 0 0 0 0 0 0 0 0 0 0 0 0 0 0 0 0 0 0 0 0 0 0 0 0 0 0 0 0 0 0 0 0 0 0 0 0 0 0 0 0 0 0 0 0 0 0 0 0 0 0 0 0 0 0 0 0 0 0
0 0 0 0 0 0 0 2 0 0 0 0 0 3 0 1 0 0 0 0 0 0 0 0 0 0 0 0 0 0 0 0 0 0 0 0 0 0 0 0 0 0 1 0 1 0 0 0 0 0 1 0 0 0 0 0 0 0 0 0 0 1 0 0
0 0 0 4 0 0 1 0 8 0 0 0 0 6 0 11 0 0 0 0 0 2 0 15 0 0 0 1 0 0 0 0 0 1 0 2 0 0 1 0 3 0 6 0 2 0 0 0 0 0 0 0 0 2 1 0 0 1 0 4 5 4 0 7
214 31 11 865 28 3 444 1390 1960 657 203 27 22 1574 950 1603 297 195 57 339 428 534 626 1398 72 21 20 2352 1367 1738 528 90 57 414 75 1262 1764 1772 164 872 262 803 1534 475 2320 1738 117 1190 1587 1543 1829 362 1239 568 645 844 344 974 1104 2730 1970 2035 435 2629
214 31 11 865 28 3 444 1390 1960 657 203 27 22 1574 950 1603 297 195 57 339 428 534 626 1398 72 21 20 2352 1367 1738 528 90 57 414 75 1262 1764 1772 164 872 262 803 1534 475 2320 1738 117 1190 1587 1543 1829 362 1239 568 645 844 344 974 1104 2730 1970 2035 435 2629
214 31 11 865 28 3 444 1390 1960 657 203 27 22 1574 950 1603 297 195 57 339 428 534 626 1398 72 21 20 2352 1367 1738 528 90 57 414 75 1262 1764 1772 164 872 262 803 1534 475 2320 1738 117 1190 1587 1543 1829 362 1239 568 645 844 344 974 1104 2730 1970 2035 435 2629
214 31 11 865 28 3 444 1390 1960 657 203 27 22 1574 950 1603 297 195 57 339 428 534 626 1398 72 21 20 2352 1367 1738 528 90 57 414 75 1262 1764 1772 164 872 262 803 1534 475 2320 1738 117 1190 1587 1543 1829 362 1239 568 645 844 344 974 1104 2730 1970 2035 435 2629
144 19 7 411 19 3 421 1183 1267 368 112 12 21 1007 618 833 186 109 44 184 180 401 428 975 32 18 17 1381 970 1190 314 19 48 323 43 797 1247 894 50 704 109 423 912 379 1574 751 38 1007 1247 1000 1058 236 984 392 315 505 230 599 477 1900 1397 1281 156 1438
90 11 5 309 7 0 19 152 972 314 108 12 9 212 248 520 154 86 10 151 231 78 218 434 42 10 6 709 369 411 76 13 15 93 27 404 436 520 54 63 47 234 308 148 781 125 17 82 303 229 262 64 73 113 145 115 86 140 163 611 487 496 36 367
98 8 2 405 0 3 419 1272 406 38 46 0 22 876 792 1479 23 8 0 70 209 448 566 1381 15 3 6 820 1181 1644 523 85 9 126 45 1019 1627 1768 162 679 56 279 320 235 2080 1737 80 830 504 635 265 196 1022 535 342 439 126 295 270 1482 1688 1584 343 2147
0 0 0 0 0 0 0 0 0 0 0 0 0 0 0 0 0 0 0 0 0 0 0 0 0 0 0 0 0 0 0 0 0 0 0 0 0 0 0 0 2 0 0 0 1 0 0 0 0 0 0 0 0 0 0 0 0 0 0 0 0 0 0 0
0 0 0 0 0 0 0 0 0 0 0 0 0 0 0 0 0 0 0 0 0 0 0 0 0 0 0 0 0 0 0 0 0 0 0 0 0 0 0 0 0 0 0 0 0 0 0 0 0 0 0 0 0 0 0 0 0 0 0 0 0 0 0 0
0 0 0 0 0 0 0 0 0 0 0 0 0 0 0 0 0 0 0 0 0 0 0 0 0 0 0 0 0 0 0 0 0 0 0 0 0 0 0 0 0 0 0 0 0 0 0 0 0 0 0 0 0 0 0 0 0 0 0 0 0 0 0 0
0 0 0 0 0 0 0 0 0 0 0 0 0 0 0 0 0 0 0 0 0 0 0 0 0 0 0 0 0 0 0 0 0 0 0 0 0 0 0 0 0 0 1 0 0 0 0 2 0 0 0 0 0 0 0 0 0 0 0 0 0 0 0 0
0 0 0 8 0 0 12 223 38 0 0 0 0 19 29 64 0 0 0 0 7 7 8 87 4 2 0 12 4 16 6 1 0 15 0 38 44 4 0 19 1 13 62 1 47 3 0 45 0 16 36 2 5 1 7 22 7 6 7 38 57 74 15 71
214 31 11 865 28 3 444 1390 1960 657 203 27 22 1574 950 1603 297 195 57 339 428 534 626 1398 72 21 20 2352 1367 1738 528 90 57 414 75 1262 1764 1772 164 872 262 803 1534 475 2320 1738 117 1190 1587 1543 1829 362 1239 568 645 844 344 974 1104 2730 1970 2035 435 2629
214 31 11 865 28 3 444 1390 1960 657 203 27 22 1574 950 1603 297 195 57 339 428 534 626 1398 72 21 20 2352 1367 1738 528 90 57 414 75 1262 1764 1772 164 872 262 803 1534 475 2320 1738 117 1190 1587 1543 1829 362 1239 568 645 844 344 974 1104 2730 1970 2035 435 2629
214 31 11 865 28 3 444 1390 1960 657 203 27 22 1574 950 1603 297 195 57 339 428 534 626 1398 72 21 20 2352 1367 1738 528 90 57 414 75 1262 1764 1772 164 872 262 803 1534 475 2320 1738 117 1190 1587 1543 1829 362 1239 568 645 844 344 974 1104 2730 1970 2035 435 2629
214 31 11 865 28 3 444 1390 1960 657 203 27 22 1574 950 1603 297 195 57 339 428 534 626 1398 72 21 20 2352 1367 1738 528 90 57 414 75 1262 1764 1772 164 872 262 803 1534 475 2320 1738 117 1190 1587 1543 1829 362 1239 568 645 844 344 974 1104 2730 1970 2035 435 2629
147 5 6 530 10 3 443 1063 1082 69 33 6 2 522 851 834 119 33 5 66 67 273 445 766 65 12 15 325 443 803 326 55 40 199 18 876 540 710 87 652 83 325 909 223 1235 813 52 718 380 627 991 186 538 345 436 759 116 612 283 1340 1293 1374 336 2241
132 0 9 718 15 3 391 693 735 213 92 17 22 1346 666 969 70 16 55 275 374 446 549 1248 46 13 16 1553 995 1045 288 74 11 238 15 996 1558 505 35 838 116 488 1132 302 1924 1407 83 1179 1169 871 1078 123 675 395 505 832 190 291 371 920 1412 1788 379 1665
0 0 0 0 0 0 0 54 2 0 0 0 0 2 3 30 0 0 0 0 1 2 2 15 0 0 0 0 1 4 0 0 0 0 0 1 7 0 0 0 1 2 12 0 26 0 0 1 0 2 3 0 0 0 4 0 0 1 0 0 16 18 0 0
0 0 0 0 0 0 0 0 0 0 0 0 0 0 0 0 0 0 0 0 0 0 0 0 0 0 0 0 0 0 0 0 0 0 0 0 0 0 0 0 0 0 0 0 0 0 0 0 0 0 0 0 0 0 0 0 0 0 0 0 0 0 0 0
0 0 0 0 0 0 0 0 0 0 0 0 0 0 0 0 0 0 0 0 0 0 0 0 0 0 0 0 0 0 0 0 0 0 0 0 1 0 0 0 0 0 0 0 0 0 0 0 0 0 0 0 0 0 0 0 0 0 0 0 0 0 0 0
0 0 0 0 0 0 0 1 0 1 0 0 0 0 1 1 0 0 0 0 0 0 0 0 0 0 0 0 0 0 2 0 0 0 0 2 2 0 0 2 0 1 2 0 0 0 0 15 0 0 0 0 6 2 0 1 0 0 0 5 0 0 0 13
0 0 0 0 0 0 0 0 0 0 0 0 0 0 0 0 0 0 0 0 0 0 0 0 0 0 0 0 0 0 0 0 0 0 0 0 0 0 0 0 0 0 0 0 0 0 0 0 0 0 0 0 0 0 0 0 0 0 0 0 0 0 0 0
19 11 11 711 19 0 4 281 1134 388 112 20 11 310 131 227 196 195 30 212 105 195 94 458 19 2 1 2161 978 940 129 11 22 91 40 621 498 300 44 184 109 284 140 87 310 152 18 491 763 398 266 49 208 71 63 25 74 522 264 335 666 644 182 545
214 31 11 865 28 3 444 1390 1960 657 203 27 22 1574 950 1603 297 195 57 339 428 534 626 1398 72 21 20 2352 1367 1738 528 90 57 414 75 1262 1764 1772 164 872 262 803 1534 475 2320 1738 117 1190 1587 1543 1829 362 1239 568 645 844 344 974 1104 2730 1970 2035 435 2629
214 31 11 865 28 3 444 1390 1960 657 203 27 22 1574 950 1603 297 195 57 339 428 534 626 1398 72 21 20 2352 1367 1738 528 90 57 414 75 1262 1764 1772 164 872 262 803 1534 475 2320 1738 117 1190 1587 1543 1829 362 1239 568 645 844 344 974 1104 2730 1970 2035 435 2629
214 31 11 865 28 3 444 1390 1960 657 203 27 22 1574 950 1603 297 195 57 339 428 534 626 1398 72 21 20 2352 1367 1738 528 90 57 414 75 1262 1764 1772 164 872 262 803 1534 475 2320 1738 117 1190 1587 1543 1829 362 1239 568 645 844 344 974 1104 2730 1970 2035 435 2629
214 31 11 865 28 3 444 1390 1960 657 203 27 22 1574 950 1603 297 195 57 339 428 534 626 1398 72 21 20 2352 1367 1738 528 90 57 414 75 1262 1764 1772 164 872 262 803 1534 475 2320 1738 117 1190 1587 1543 1829 362 1239 568 645 844 344 974 1104 2730 1970 2035 435 2629
205 11 10 717 26 3 439 1160 1516 473 201 27 22 1471 738 1293 239 161 57 297 340 443 586 1049 65 21 16 2075 1262 1600 423 52 56 346 37 1145 1616 1560 156 801 228 742 1520 415 2172 1436 115 994 1326 1504 1630 356 1022 460 557 840 302 937 982 2544 1822 1957 419 2589
0 0 0 13 0 0 2 14 9 2 0 0 0 2 10 22 0 0 0 3 1 12 7 7 1 0 0 0 0 8 0 0 0 7 0 8 0 0 0 9 0 10 67 2 6 1 0 43 12 9 22 5 10 6 10 0 0 4 5 16 25 9 5 14
2 0 0 7 0 0 1 12 34 0 3 0 0 9 13 10 0 4 0 5 0 6 12 12 0 0 0 5 13 14 0 0 0 6 0 7 31 7 0 0 0 0 12 0 9 0 0 3 2 5 5 0 1 0 3 0 0 1 9 3 13 11 1 16
1 0 0 1 0 0 4 14 0 3 0 0 0 2 8 3 0 0 0 0 0 0 0 0 0 0 0 0 0 0 1 0 0 0 0 4 5 0 0 10 2 11 2 0 0 0 0 2 0 0 0 0 4 0 0 0 0 0 0 2 2 0 1 1
0 0 0 0 0 0 0 0 0 0 0 0 0 0 0 0 0 0 0 0 0 0 0 0 0 0 0 0 0 0 0 0 0 0 0 0 0 0 0 0 0 0 0 0 0 0 0 0 0 0 0 0 0 0 0 0 0 0 0 0 0 0 0 0
0 0 0 0 0 0 0 0 0 0 0 0 0 0 0 0 0 0 0 0 0 0 0 0 0 0 0 0 0 0 0 0 0 0 0 0 0 0 0 0 0 0 0 0 0 0 0 0 0 0 0 0 0 0 0 0 0 0 0 0 0 0 0 0
9 0 0 30 1 0 64 27 25 21 4 0 1 70 17 1 1 19 0 13 0 36 8 36 0 0 0 23 9 18 12 2 1 7 2 65 58 0 0 65 29 45 156 15 78 52 0 186 132 93 22 1 57 47 0 11 12 71 138 166 85 31 4 40
3 0 0 1 0 0 0 25 0 0 0 0 0 22 9 5 0 0 0 2 0 18 0 11 0 0 0 9 25 19 4 0 0 3 0 14 20 0 0 37 0 10 54 0 20 0 0 60 1 13 0 0 6 0 10 1 0 2 5 4 15 9 9 21
214 31 11 865 28 3 444 1390 1960 657 203 27 22 1574 950 1603 297 195 57 339 428 534 626 1398 72 21 20 2352 1367 1738 528 90 57 414 75 1262 1764 1772 164 872 262 803 1534 475 2320 1738 117 1190 1587 1543 1829 362 1239 568 645 844 344 974 1104 2730 1970 2035 435 2629
214 31 11 865 28 3 444 1390 1960 657 203 27 22 1574 950 1603 297 195 57 339 428 534 626 1398 72 21 20 2352 1367 1738 528 90 57 414 75 1262 1764 1772 164 872 262 803 1534 475 2320 1738 117 1190 1587 1543 1829 362 1239 568 645 844 344 974 1104 2730 1970 2035 435 2629
214 31 11 865 28 3 444 1390 1960 657 203 27 22 1574 950 1603 297 195 57 339 428 534 626 1398 72 21 20 2352 1367 1738 528 90 57 414 75 1262 1764 1772 164 872 262 803 1534 475 2320 1738 117 1190 1587 1543 1829 362 1239 568 645 844 344 974 1104 2730 1970 2035 435 2629
214 31 11 865 28 3 444 1390 1960 657 203 27 22 1574 950 1603 297 195 57 339 428 534 626 1398 72 21 20 2352 1367 1738 528 90 57 414 75 1262 1764 1772 164 872 262 803 1534 475 2320 1738 117 1190 1587 1543 1829 362 1239 568 645 844 344 974 1104 2730 1970 2035 435 2629
70 0 2 221 7 3 75 613 688 232 91 7 0 513 274 520 76 28 22 185 121 279 271 511 31 3 9 899 655 572 157 20 24 246 52 527 612 295 61 422 137 497 890 195 747 682 25 584 685 816 836 201 611 259 251 370 196 638 311 869 823 890 167 612
1 0 0 4 0 0 0 0 20 4 8 0 0 0 1 13 12 1 0 2 0 0 12 42 0 0 0 1 50 19 0 0 0 3 0 26 42 1 0 4 4 26 45 2 4 0 0 11 4 13 15 2 5 16 19 0 1 19 17 33 60 14 1 16
15 0 0 67 1 0 16 92 190 17 22 0 6 34 31 118 10 8 2 24 3 50 79 176 25 0 2 86 86 57 11 4 3 91 5 91 131 51 0 168 78 236 348 33 54 84 1 152 62 104 75 17 175 15 55 27 12 49 63 161 165 67 66 65
0 0 0 8 0 0 3 20 15 3 0 0 0 21 7 32 0 10 0 0 0 12 20 34 0 0 0 34 8 25 17 15 0 2 0 8 118 31 0 28 3 6 17 0 17 23 0 50 8 20 1 7 39 13 0 7 1 2 13 50 70 3 15 58
0 0 0 0 0 0 0 0 0 0 0 0 0 0 0 0 0 0 0 0 0 0 0 0 0 0 0 0 0 0 0 0 0 0 0 0 0 0 0 0 0 0 0 0 0 0 0 0 0 0 0 0 0 0 0 0 0 0 0 0 0 0 0 0
0 0 0 4 0 0 0 13 4 16 0 0 7 18 10 4 0 0 2 0 0 5 0 10 0 0 0 35 13 54 24 3 0 0 0 2 7 11 0 29 1 0 27 0 0 2 0 14 1 2 0 2 0 9 0 0 0 0 2 2 0 0 2 11
0 0 0 0 0 0 0 1 0 0 0 0 0 0 0 0 0 0 0 0 0 0 0 0 0 0 0 0 0 0 0 0 0 0 2 0 0 0 0 0 0 0 1 0 2 4 0 6 0 0 0 0 0 2 0 0 0 0 1 0 10 0 0 4
3 0 0 21 0 0 17 38 15 11 0 0 4 20 23 51 0 0 0 7 0 13 1 47 0 0 1 5 21 22 10 3 0 0 2 25 27 5 0 34 6 13 67 4 11 30 4 49 11 16 8 2 13 5 8 2 0 9 19 41 55 9 22 23
214 31 11 865 28 3 444 1390 1960 657 203 27 22 1574 950 1603 297 195 57 339 428 534 626 1398 72 21 20 2352 1367 1738 528 90 57 414 75 1262 1764 1772 164 872 262 803 1534 475 2320 1738 117 1190 1587 1543 1829 362 1239 568 645 844 344 974 1104 2730 1970 2035 435 2629
214 31 11 865 28 3 444 1390 1960 657 203 27 22 1574 950 1603 297 195 57 339 428 534 626 1398 72 21 20 2352 1367 1738 528 90 57 414 75 1262 1764 1772 164 872 262 803 1534 475 2320 1738 117 1190 1587 1543 1829 362 1239 568 645 844 344 974 1104 2730 1970 2035 435 2629
214 31 11 865 28 3 444 1390 1960 657 203 27 22 1574 950 1603 297 195 57 339 428 534 626 1398 72 21 20 2352 1367 1738 528 90 57 414 75 1262 1764 1772 164 872 262 803 1534 475 2320 1738 117 1190 1587 1543 1829 362 1239 568 645 844 344 974 1104 2730 1970 2035 435 2629
214 31 11 865 28 3 444 1390 1960 657 203 27 22 1574 950 1603 297 195 57 339 428 534 626 1398 72 21 20 2352 1367 1738 528 90 57 414 75 1262 1764 1772 164 872 262 803 1534 475 2320 1738 117 1190 1587 1543 1829 362 1239 568 645 844 344 974 1104 2730 1970 2035 435 2629
87 0 6 155 1 3 123 655 923 215 56 6 2 417 190 462 121 99 49 150 29 223 245 519 46 6 14 911 643 613 139 19 12 171 4 673 821 379 58 437 152 479 897 208 835 610 29 570 800 832 1038 172 637 333 152 323 121 569 555 1052 813 945 176 823
3 0 0 12 0 0 1 26 11 3 0 0 0 3 7 85 0 0 0 3 2 9 38 116 1 0 0 5 52 18 2 0 0 3 0 21 16 0 0 16 2 9 7 3 29 1 0 16 3 11 0 0 4 12 4 0 0 6 1 0 8 6 5 3
42 0 0 99 0 0 18 159 51 30 6 0 15 150 66 360 6 13 0 49 10 69 195 311 5 1 2 175 224 229 4 33 0 103 3 240 357 130 24 165 20 115 284 48 242 277 39 246 431 572 416 56 310 122 147 142 162 160 319 578 413 593 83 755
20 0 0 40 0 0 52 161 23 35 0 0 8 261 172 229 0 0 0 27 25 102 20 144 2 0 0 98 184 135 55 0 0 10 0 81 198 236 3 147 3 55 71 1 107 83 2 162 63 70 44 28 58 13 3 27 17 26 54 96 105 0 33 202
0 0 0 0 0 0 0 0 0 0 0 0 0 0 0 0 0 0 0 0 0 0 0 0 0 0 0 0 0 0 0 0 0 0 0 0 0 0 0 0 0 0 0 0 0 0 0 0 0 0 0 0 0 0 0 0 0 0 0 0 0 0 0 0
0 0 0 0 0 0 0 0 0 0 0 0 0 0 0 0 0 0 0 0 0 0 0 0 0 0 0 0 0 0 0 0 0 0 0 0 0 0 0 0 0 0 0 0 0 0 0 0 0 0 0 0 0 0 0 0 0 0 0 0 0 0 0 0
0 0 0 0 0 0 0 0 0 2 0 0 0 0 3 2 0 0 0 0 2 0 0 0 0 0 0 0 0 0 0 0 0 0 0 0 0 0 0 0 0 0 4 0 2 0 0 0 0 0 0 1 0 2 0 0 0 0 0 0 13 0 0 3
0 0 0 0 0 0 0 1 0 0 0 0 0 2 5 9 2 0 0 2 0 0 0 15 0 0 0 0 1 0 0 0 0 0 0 2 2 9 0 0 0 0 11 0 0 0 0 0 0 0 0 0 0 0 0 0 0 0 0 2 7 0 0 9
214 31 11 865 28 3 444 1390 1960 657 203 27 22 1574 950 1603 297 195 57 339 428 534 626 1398 72 21 20 2352 1367 1738 528 90 57 414 75 1262 1764 1772 164 872 262 803 1534 475 2320 1738 117 1190 1587 1543 1829 362 1239 568 645 844 344 974 1104 2730 1970 2035 435 2629
214 31 11 865 28 3 444 1390 1960 657 203 27 22 1574 950 1603 297 195 57 339 428 534 626 1398 72 21 20 2352 1367 1738 528 90 57 414 75 1262 1764 1772 164 872 262 803 1534 475 2320 1738 117 1190 1587 1543 1829 362 1239 568 645 844 344 974 1104 2730 1970 2035 435 2629
214 31 11 865 28 3 444 1390 1960 657 203 27 22 1574 950 1603 297 195 57 339 428 534 626 1398 72 21 20 2352 1367 1738 528 90 57 414 75 1262 1764 1772 164 872 262 803 1534 475 2320 1738 117 1190 1587 1543 1829 362 1239 568 645 844 344 974 1104 2730 1970 2035 435 2629
214 31 11 865 28 3 444 1390 1960 657 203 27 22 1574 950 1603 297 195 57 339 428 534 626 1398 72 21 20 2352 1367 1738 528 90 57 414 75 1262 1764 1772 164 872 262 803 1534 475 2320 1738 117 1190 1587 1543 1829 362 1239 568 645 844 344 974 1104 2730 1970 2035 435 2629
184 0 11 833 28 3 419 1339 1717 585 202 27 22 1539 933 1557 284 184 56 324 395 509 600 1379 70 21 19 2287 1367 1697 528 90 51 384 75 1241 1755 1765 164 870 223 739 1445 462 2313 1735 117 1185 1379 1396 1758 358 1215 548 616 817 323 888 974 2504 1801 1947 433 2441
13 0 1 41 0 0 5 126 58 16 11 0 0 46 36 237 4 4 0 55 35 39 106 243 1 0 0 144 142 104 14 3 0 16 0 55 203 91 3 60 4 34 85 34 91 35 3 74 35 54 53 27 48 25 18 36 2 10 42 60 58 20 6 13
0 0 0 1 0 0 2 0 0 0 0 0 0 0 4 13 0 0 0 2 0 0 2 11 0 0 0 0 0 3 0 0 0 0 0 8 4 3 0 2 0 2 1 0 1 0 0 1 0 0 0 0 0 0 0 0 0 0 0 0 0 0 0 0
0 0 0 0 0 0 1 9 0 0 0 0 0 4 9 3 0 0 0 0 0 1 0 1 0 0 0 0 0 4 0 0 0 0 0 0 2 0 0 3 0 1 5 0 0 2 0 9 2 6 0 0 0 2 0 0 0 2 1 6 4 0 0 3
0 0 0 0 0 0 0 0 0 0 0 0 0 0 0 0 0 0 0 0 0 0 0 0 0 0 0 0 0 0 0 0 0 0 0 0 0 0 0 0 0 0 0 0 0 0 0 0 0 0 0 0 0 0 0 0 0 0 0 0 0 0 0 0
0 0 0 0 0 0 11 10 0 0 0 0 0 17 2 1 0 0 0 0 0 8 0 1 0 0 0 0 0 3 7 0 0 0 0 0 3 0 0 5 1 0 45 0 0 12 0 0 2 0 0 2 52 3 0 0 0 0 7 1 3 0 2 0
0 0 0 0 0 0 1 8 2 0 0 0 0 2 3 0 0 0 0 0 0 0 0 1 0 0 0 0 0 2 0 0 0 0 0 0 0 1 0 12 0 0 8 0 0 8 0 12 0 0 0 1 5 1 0 0 0 6 1 5 10 0 2 0
0 0 0 10 0 0 15 67 9 0 0 0 0 38 29 26 0 0 0 10 0 29 3 31 0 0 1 11 13 38 13 0 0 0 0 35 21 1 0 53 18 8 84 1 0 30 7 87 21 52 0 5 32 20 20 0 0 7 18 45 43 0 14 0
214 31 11 865 28 3 444 1390 1960 657 203 27 22 1574 950 1603 297 195 57 339 428 534 626 1398 72 21 20 2352 1367 1738 528 90 57 414 75 1262 1764 1772 164 872 262 803 1534 475 2320 1738 117 1190 1587 1543 1829 362 1239 568 645 844 344 974 1104 2730 1970 2035 435 2629
214 31 11 865 28 3 444 1390 1960 657 203 27 22 1574 950 1603 297 195 57 339 428 534 626 1398 72 21 20 2352 1367 1738 528 90 57 414 75 1262 1764 1772 164 872 262 803 1534 475 2320 1738 117 1190 1587 1543 1829 362 1239 568 645 844 344 974 1104 2730 1970 2035 435 2629
214 31 11 865 28 3 444 1390 1960 657 203 27 22 1574 950 1603 297 195 57 339 428 534 626 1398 72 21 20 2352 1367 1738 528 90 57 414 75 1262 1764 1772 164 872 262 803 1534 475 2320 1738 117 1190 1587 1543 1829 362 1239 568 645 844 344 974 1104 2730 1970 2035 435 2629
214 31 11 865 28 3 444 1390 1960 657 203 27 22 1574 950 1603 297 195 57 339 428 534 626 1398 72 21 20 2352 1367 1738 528 90 57 414 75 1262 1764 1772 164 872 262 803 1534 475 2320 1738 117 1190 1587 1543 1829 362 1239 568 645 844 344 974 1104 2730 1970 2035 435 2629
141 22 9 605 10 3 128 1129 1356 557 193 25 12 1170 607 1234 241 180 50 307 378 364 531 1140 61 20 13 1885 1066 1369 385 63 32 310 30 1016 1313 1571 116 725 147 669 1364 411 2217 1645 81 946 1222 1111 1686 335 1212 566 634 832 276 906 894 2584 1836 2026 435 2621
2 0 0 22 1 0 0 88 100 9 4 2 0 16 64 45 0 15 0 37 1 17 5 96 1 0 1 210 48 81 11 0 0 15 3 28 91 44 11 29 13 48 76 32 56 93 0 131 17 50 40 0 46 23 17 25 2 24 9 83 49 78 4 22
0 0 0 0 0 0 1 4 0 0 2 0 0 6 6 11 0 0 0 0 2 5 4 8 0 0 0 36 14 2 5 0 0 0 4 17 7 112 0 0 0 1 4 0 7 34 0 2 2 2 7 2 5 1 1 4 6 0 3 26 16 12 8 15
0 0 0 0 0 0 0 0 0 0 0 0 0 0 0 0 0 0 0 0 0 0 0 0 0 0 0 3 0 0 0 0 0 0 0 0 0 0 0 0 0 0 0 0 0 0 0 0 0 0 0 0 0 0 0 0 0 0 1 0 6 0 0 1
0 0 0 0 0 0 0 0 0 0 0 0 0 0 0 0 0 0 0 0 0 0 0 0 0 0 0 0 0 0 0 0 0 0 0 0 0 0 0 0 0 0 0 0 0 2 0 0 0 0 0 0 0 0 0 0 0 0 2 0 0 2 0 0
0 0 0 0 0 0 0 0 0 0 0 0 0 5 0 0 0 0 0 0 0 1 0 0 0 0 0 0 0 2 0 0 0 0 0 0 6 0 0 1 0 2 0 0 4 31 0 11 0 0 0 0 10 0 3 0 0 0 5 4 8 0 4 4
0 0 0 0 0 0 0 0 0 0 0 0 0 0 5 2 0 0 0 0 9 0 0 0 0 0 0 0 0 0 0 0 0 0 0 0 0 0 0 0 0 0 0 0 0 0 0 0 0 0 0 0 0 0 0 0 0 0 0 0 0 0 0 0
71 0 0 20 0 0 14 108 268 61 9 0 0 46 74 48 45 15 10 33 13 36 13 70 15 1 11 56 41 58 16 6 5 73 7 83 65 46 0 50 80 173 282 34 79 14 0 59 233 252 229 19 64 11 20 10 7 160 157 350 86 21 19 21
214 31 11 865 28 3 444 1390 1960 657 203 27 22 1574 950 1603 297 195 57 339 428 534 626 1398 72 21 20 2352 1367 1738 528 90 57 414 75 1262 1764 1772 164 872 262 803 1534 475 2320 1738 117 1190 1587 1543 1829 362 1239 568 645 844 344 974 1104 2730 1970 2035 435 2629
214 31 11 865 28 3 444 1390 1960 657 203 27 22 1574 950 1603 297 195 57 339 428 534 626 1398 72 21 20 2352 1367 1738 528 90 57 414 75 1262 1764 1772 164 872 262 803 1534 475 2320 1738 117 1190 1587 1543 1829 362 1239 568 645 844 344 974 1104 2730 1970 2035 435 2629
214 31 11 865 28 3 444 1390 1960 657 203 27 22 1574 950 1603 297 195 57 339 428 534 626 1398 72 21 20 2352 1367 1738 528 90 57 414 75 1262 1764 1772 164 872 262 803 1534 475 2320 1738 117 1190 1587 1543 1829 362 1239 568 645 844 344 974 1104 2730 1970 2035 435 2629
214 31 11 865 28 3 444 1390 1960 657 203 27 22 1574 950 1603 297 195 57 339 428 534 626 1398 72 21 20 2352 1367 1738 528 90 57 414 75 1262 1764 1772 164 872 262 803 1534 475 2320 1738 117 1190 1587 1543 1829 362 1239 568 645 844 344 974 1104 2730 1970 2035 435 2629
88 0 3 325 10 3 131 862 455 83 67 6 20 744 403 1016 39 31 25 180 139 439 342 957 15 4 9 854 878 903 199 46 6 132 62 584 1008 760 71 575 178 492 989 235 713 944 39 922 657 983 909 231 913 339 322 515 261 734 626 889 1079 994 177 721
66 0 0 349 10 1 119 756 517 169 63 10 19 524 327 807 47 39 2 147 179 280 268 724 4 0 2 610 407 697 238 24 0 24 14 311 489 464 24 315 8 105 289 64 277 313 43 536 72 93 33 16 101 46 128 179 25 42 92 119 125 79 59 107
0 0 0 7 0 0 7 72 22 0 0 0 4 43 41 30 0 0 0 13 0 38 9 53 0 0 0 8 25 29 2 3 0 10 2 33 33 2 0 38 20 18 238 9 17 23 2 53 42 42 4 6 18 8 3 19 2 19 19 44 6 2 11 6
0 0 0 0 0 0 0 3 0 0 0 0 0 1 2 1 0 0 0 0 0 0 0 0 0 0 0 0 0 1 2 0 0 0 0 0 1 0 0 0 1 0 0 0 0 2 0 4 0 0 0 0 2 0 1 2 0 0 0 0 1 0 0 0
0 0 0 0 0 0 0 0 0 0 0 0 0 0 0 0 0 0 0 0 0 0 0 0 0 0 0 0 0 0 0 0 0 0 0 0 0 0 0 0 0 0 0 0 0 0 0 0 0 0 0 0 0 0 0 0 0 0 0 0 0 0 0 0
0 0 0 0 0 0 0 0 0 0 0 0 0 0 0 0 0 0 0 0 0 0 0 0 0 0 0 0 0 0 0 0 0 0 0 0 0 0 0 0 0 0 0 0 0 0 0 0 0 0 0 0 0 0 0 0 0 0 0 0 0 0 0 0
0 0 0 0 0 0 3 2 0 0 0 0 0 0 0 0 0 0 0 0 0 0 0 1 0 0 0 0 0 2 0 0 0 0 0 0 0 1 0 2 0 0 0 0 0 1 0 2 0 0 0 0 0 0 0 0 0 0 0 4 0 0 0 2
0 0 0 0 0 0 1 17 5 0 0 0 0 7 4 3 0 0 0 0 0 3 0 9 0 0 0 0 2 5 0 0 0 0 0 17 0 0 0 3 6 6 25 0 0 6 0 3 4 8 0 0 1 1 2 0 0 3 9 16 4 3 2 11
214 31 11 865 28 3 444 1390 1960 657 203 27 22 1574 950 1603 297 195 57 339 428 534 626 1398 72 21 20 2352 1367 1738 528 90 57 414 75 1262 1764 1772 164 872 262 803 1534 475 2320 1738 117 1190 1587 1543 1829 362 1239 568 645 844 344 974 1104 2730 1970 2035 435 2629
214 31 11 865 28 3 444 1390 1960 657 203 27 22 1574 950 1603 297 195 57 339 428 534 626 1398 72 21 20 2352 1367 1738 528 90 57 414 75 1262 1764 1772 164 872 262 803 1534 475 2320 1738 117 1190 1587 1543 1829 362 1239 568 645 844 344 974 1104 2730 1970 2035 435 2629
214 31 11 865 28 3 444 1390 1960 657 203 27 22 1574 950 1603 297 195 57 339 428 534 626 1398 72 21 20 2352 1367 1738 528 90 57 414 75 1262 1764 1772 164 872 262 803 1534 475 2320 1738 117 1190 1587 1543 1829 362 1239 568 645 844 344 974 1104 2730 1970 2035 435 2629
214 31 11 865 28 3 444 1390 1960 657 203 27 22 1574 950 1603 297 195 57 339 428 534 626 1398 72 21 20 2352 1367 1738 528 90 57 414 75 1262 1764 1772 164 872 262 803 1534 475 2320 1738 117 1190 1587 1543 1829 362 1239 568 645 844 344 974 1104 2730 1970 2035 435 2629
214 31 11 833 28 3 438 1384 1956 657 203 27 22 1559 901 1458 297 195 57 328 418 532 568 1357 72 21 20 2348 1364 1734 523 88 57 414 75 1262 1754 1769 164 872 245 797 1531 472 2309 1735 117 1188 1583 1538 1826 362 1238 567 637 840 342 974 1103 2718 1963 2020 435 2628
11 13 5 49 6 2 15 277 128 39 37 4 0 38 205 349 5 45 0 39 34 47 155 417 39 2 1 173 127 96 80 13 0 63 2 415 236 107 10 89 31 107 313 144 255 78 11 208 309 319 144 65 144 130 111 100 24 80 43 72 442 359 82 170
0 0 0 6 1 0 2 8 13 3 0 0 0 7 14 21 0 0 0 5 1 13 13 49 0 0 3 45 19 17 14 7 0 2 0 42 31 6 0 21 5 18 19 16 4 14 0 26 10 17 7 0 7 10 13 15 0 8 14 45 37 126 6 18
0 0 0 3 0 0 3 0 6 0 0 0 0 5 0 1 3 0 0 0 1 5 0 1 0 0 0 3 1 1 2 0 0 0 1 0 8 17 0 6 0 4 2 2 1 1 0 4 0 0 8 4 0 9 9 9 13 32 25 183 68 76 2 30
6 0 0 0 0 0 2 4 0 0 0 0 0 14 0 5 0 0 0 0 0 1 0 0 0 0 0 5 0 8 4 0 0 0 0 0 0 10 0 8 1 0 0 0 2 11 0 4 10 3 9 5 5 3 0 2 0 7 7 13 5 5 0 18
4 0 0 0 0 0 0 4 2 2 0 0 0 7 3 0 0 0 0 0 2 0 0 0 0 0 0 6 0 1 3 0 0 0 0 0 0 10 0 2 0 2 1 0 0 6 0 1 1 3 5 0 8 3 0 0 0 5 5 10 2 2 0 2
0 0 0 0 0 0 0 0 0 0 0 0 0 0 2 0 0 0 0 0 0 0 0 0 0 0 0 0 0 0 0 0 0 1 0 0 0 0 0 0 0 0 0 0 0 0 0 0 3 0 0 0 0 0 0 0 0 1 0 0 2 0 0 0
28 0 1 66 3 0 50 133 279 5 12 0 2 261 199 381 23 1 0 107 150 137 115 222 7 0 13 557 291 310 37 7 0 9 15 110 329 333 8 77 42 218 132 36 469 88 13 21 210 172 171 44 83 52 55 49 21 83 167 278 319 192 51 275
214 31 11 865 28 3 444 1390 1960 657 203 27 22 1574 950 1603 297 195 57 339 428 534 626 1398 72 21 20 2352 1367 1738 528 90 57 414 75 1262 1764 1772 164 872 262 803 1534 475 2320 1738 117 1190 1587 1543 1829 362 1239 568 645 844 344 974 1104 2730 1970 2035 435 2629
214 31 11 865 28 3 444 1390 1960 657 203 27 22 1574 950 1603 297 195 57 339 428 534 626 1398 72 21 20 2352 1367 1738 528 90 57 414 75 1262 1764 1772 164 872 262 803 1534 475 2320 1738 117 1190 1587 1543 1829 362 1239 568 645 844 344 974 1104 2730 1970 2035 435 2629
214 31 11 865 28 3 444 1390 1960 657 203 27 22 1574 950 1603 297 195 57 339 428 534 626 1398 72 21 20 2352 1367 1738 528 90 57 414 75 1262 1764 1772 164 872 262 803 1534 475 2320 1738 117 1190 1587 1543 1829 362 1239 568 645 844 344 974 1104 2730 1970 2035 435 2629
214 31 11 865 28 3 444 1390 1960 657 203 27 22 1574 950 1603 297 195 57 339 428 534 626 1398 72 21 20 2352 1367 1738 528 90 57 414 75 1262 1764 1772 164 872 262 803 1534 475 2320 1738 117 1190 1587 1543 1829 362 1239 568 645 844 344 974 1104 2730 1970 2035 435 2629
62 0 2 166 1 3 125 673 395 72 25 6 0 446 194 516 35 18 4 62 99 210 241 542 35 0 6 503 449 556 149 34 7 153 6 773 614 241 17 414 53 286 759 214 453 639 7 455 322 457 643 129 416 157 120 328 71 344 146 504 599 565 102 273
2 0 0 29 0 0 0 137 52 9 25 0 0 22 11 15 9 7 0 13 9 7 19 59 0 0 2 55 46 70 34 2 0 28 1 82 104 21 12 36 5 34 62 10 48 13 0 52 43 63 25 12 19 18 19 42 3 20 35 99 45 90 60 34
2 0 0 17 0 0 5 175 8 9 0 0 0 4 11 38 0 3 0 0 0 5 2 20 0 0 0 0 0 3 37 0 1 8 0 0 22 4 0 12 1 25 37 0 18 4 0 2 27 53 23 6 15 2 2 8 5 8 14 38 38 35 5 0
0 0 0 0 0 0 0 0 0 0 0 0 0 2 0 0 0 0 0 0 3 0 0 2 0 0 0 0 0 2 0 0 0 0 0 0 0 0 0 0 0 0 0 0 0 0 0 0 0 1 0 0 0 0 0 0 0 0 0 0 0 0 0 0
0 0 0 0 0 0 0 0 0 0 0 0 0 0 0 0 0 0 0 0 0 0 0 0 0 0 0 0 0 0 0 0 0 0 0 0 0 0 0 0 0 0 0 0 0 0 0 1 0 0 0 0 0 0 0 0 0 0 0 0 0 0 0 0
0 0 0 0 0 0 0 0 0 0 0 0 0 0 0 0 0 0 0 0 0 0 0 0 0 0 0 0 0 0 0 0 0 0 0 0 0 0 0 0 0 0 0 0 0 0 0 0 0 0 0 0 0 0 0 0 0 0 0 0 0 0 0 0
0 0 0 0 0 0 0 0 0 0 0 0 0 0 0 0 0 0 0 0 0 0 0 0 0 0 0 0 0 0 0 0 0 0 0 0 0 0 0 0 0 0 0 0 0 0 0 0 0 0 0 0 0 0 0 0 0 0 0 0 0 0 0 1
0 0 0 0 0 0 0 0 3 0 0 0 0 0 4 8 0 0 0 0 2 1 0 1 0 0 0 0 0 0 2 0 0 0 0 0 3 4 0 0 0 0 1 0 23 1 0 0 0 0 0 0 0 0 0 0 0 0 1 0 0 1 0 3
214 31 11 865 28 3 444 1390 1960 657 203 27 22 1574 950 1603 297 195 57 339 428 534 626 1398 72 21 20 2352 1367 1738 528 90 57 414 75 1262 1764 1772 164 872 262 803 1534 475 2320 1738 117 1190 1587 1543 1829 362 1239 568 645 844 344 974 1104 2730 1970 2035 435 2629
214 31 11 865 28 3 444 1390 1960 657 203 27 22 1574 950 1603 297 195 57 339 428 534 626 1398 72 21 20 2352 1367 1738 528 90 57 414 75 1262 1764 1772 164 872 262 803 1534 475 2320 1738 117 1190 1587 1543 1829 362 1239 568 645 844 344 974 1104 2730 1970 2035 435 2629
214 31 11 865 28 3 444 1390 1960 657 203 27 22 1574 950 1603 297 195 57 339 428 534 626 1398 72 21 20 2352 1367 1738 528 90 57 414 75 1262 1764 1772 164 872 262 803 1534 475 2320 1738 117 1190 1587 1543 1829 362 1239 568 645 844 344 974 1104 2730 1970 2035 435 2629
214 31 11 865 28 3 444 1390 1960 657 203 27 22 1574 950 1603 297 195 57 339 428 534 626 1398 72 21 20 2352 1367 1738 528 90 57 414 75 1262 1764 1772 164 872 262 803 1534 475 2320 1738 117 1190 1587 1543 1829 362 1239 568 645 844 344 974 1104 2730 1970 2035 435 2629
214 31 11 865 28 3 444 1390 1960 657 203 27 22 1574 950 1603 297 195 57 339 428 534 626 1398 72 21 20 2352 1367 1738 528 90 57 414 75 1262 1764 1772 164 872 262 803 1534 475 2320 1738 117 1190 1587 1543 1829 362 1239 568 645 844 344 974 1104 2730 1970 2035 435 2629
56 2 5 402 22 2 99 645 711 192 107 11 0 389 287 698 103 71 19 46 204 226 240 591 31 12 6 732 617 699 194 46 12 128 20 630 715 551 80 347 92 254 671 183 555 475 40 376 350 385 371 75 335 166 159 274 91 211 309 753 726 1009 195 823
10 0 0 26 0 0 4 96 41 5 1 0 0 42 10 13 17 3 0 7 0 13 5 24 2 0 0 19 18 44 2 0 1 4 0 50 138 23 2 8 1 14 74 7 24 6 0 20 25 16 8 10 16 11 7 6 1 13 21 37 48 181 12 76
0 0 0 0 0 0 0 12 2 0 0 0 0 2 0 2 0 0 0 4 0 1 0 12 0 0 0 8 0 7 2 0 0 0 0 3 13 3 0 29 0 2 0 0 7 1 0 19 2 0 0 0 2 13 7 25 0 4 4 9 2 59 0 19
0 0 0 0 0 0 0 0 0 0 0 0 0 0 0 0 0 0 0 0 0 0 0 0 0 0 0 0 0 0 0 0 0 0 0 0 0 0 0 0 0 0 0 0 0 0 0 0 0 0 0 0 0 0 0 0 0 0 0 0 0 0 0 0
10 0 0 0 0 0 0 0 3 0 0 0 0 0 0 0 0 0 0 1 0 0 2 2 0 0 0 3 9 20 3 0 0 0 0 2 4 2 0 5 5 3 0 0 6 1 0 0 8 10 9 0 1 0 0 0 0 31 4 7 0 1 7 0
0 0 0 0 0 0 0 1 0 0 0 0 0 0 0 0 0 0 0 0 0 2 2 4 0 0 0 6 0 0 1 0 0 0 0 0 0 3 0 1 2 1 4 0 2 0 0 0 12 2 7 1 2 0 0 0 6 9 4 13 2 2 0 4
0 0 0 0 0 0 0 0 16 2 0 0 0 4 7 17 0 0 0 8 0 0 6 4 0 0 0 0 7 0 0 0 3 0 0 0 2 1 0 6 0 5 5 0 4 1 0 2 6 0 3 0 3 0 2 0 0 2 0 11 0 7 0 5
214 31 11 865 28 3 444 1390 1960 657 203 27 22 1574 950 1603 297 195 57 339 428 534 626 1398 72 21 20 2352 1367 1738 528 90 57 414 75 1262 1764 1772 164 872 262 803 1534 475 2320 1738 117 1190 1587 1543 1829 362 1239 568 645 844 344 974 1104 2730 1970 2035 435 2629
214 31 11 865 28 3 444 1390 1960 657 203 27 22 1574 950 1603 297 195 57 339 428 534 626 1398 72 21 20 2352 1367 1738 528 90 57 414 75 1262 1764 1772 164 872 262 803 1534 475 2320 1738 117 1190 1587 1543 1829 362 1239 568 645 844 344 974 1104 2730 1970 2035 435 2629
214 31 11 865 28 3 444 1390 1960 657 203 27 22 1574 950 1603 297 195 57 339 428 534 626 1398 72 21 20 2352 1367 1738 528 90 57 414 75 1262 1764 1772 164 872 262 803 1534 475 2320 1738 117 1190 1587 1543 1829 362 1239 568 645 844 344 974 1104 2730 1970 2035 435 2629
214 31 11 865 28 3 444 1390 1960 657 203 27 22 1574 950 1603 297 195 57 339 428 534 626 1398 72 21 20 2352 1367 1738 528 90 57 414 75 1262 1764 1772 164 872 262 803 1534 475 2320 1738 117 1190 1587 1543 1829 362 1239 568 645 844 344 974 1104 2730 1970 2035 435 2629
206 20 10 734 28 3 427 1300 1817 528 164 22 6 1439 884 1598 274 151 54 324 359 472 593 1393 70 19 19 2205 1327 1616 404 90 55 385 72 1191 1623 1613 117 690 250 755 1292 358 1612 1139 89 749 1340 1182 1274 310 758 396 508 661 258 745 465 1624 1615 1791 245 1499
25 0 1 115 2 3 17 285 193 2 6 5 0 150 358 483 44 1 0 16 41 40 80 497 2 0 0 248 92 122 9 13 0 24 10 196 393 157 6 74 11 141 391 64 309 129 0 111 126 237 126 46 64 78 120 154 50 45 88 245 545 859 62 645
21 21 4 164 0 3 140 455 313 81 15 0 4 492 315 718 43 1 0 52 32 65 118 525 2 0 1 511 344 263 44 9 17 166 6 368 349 235 45 167 6 86 134 24 312 90 10 90 181 259 291 33 100 98 137 327 127 177 286 721 507 778 125 726
30 0 0 114 5 3 154 260 289 42 4 4 0 460 398 395 62 19 2 93 61 141 171 309 9 0 0 469 192 324 112 24 0 7 0 62 387 481 26 320 5 100 496 56 363 387 10 391 254 223 167 53 131 107 237 236 89 184 129 265 283 281 88 556
0 0 0 0 0 0 43 36 1 0 0 0 0 83 39 62 0 0 0 0 0 17 0 40 0 0 0 93 9 13 18 7 11 0 3 2 38 142 0 95 14 35 151 1 4 396 0 247 152 219 235 6 119 85 142 74 27 281 221 268 174 491 40 446
0 0 0 0 0 0 93 268 16 0 0 0 0 154 90 166 0 0 0 3 0 79 51 229 0 0 0 32 60 37 61 4 0 0 0 14 42 10 0 67 20 20 13 0 14 38 10 129 30 115 104 2 30 12 0 37 0 9 35 27 2 0 21 175
13 0 0 6 0 0 14 92 90 1 0 0 5 122 14 29 0 2 0 2 0 60 4 55 2 0 0 180 29 58 55 2 14 99 9 43 61 30 0 95 7 49 86 12 29 20 0 188 238 353 356 7 70 1 22 92 39 212 44 55 35 13 28 186
110 31 4 400 12 2 170 548 659 260 46 18 13 566 280 643 106 71 50 110 160 261 248 522 31 5 10 1186 809 978 242 53 22 233 19 722 812 456 76 338 149 339 536 118 817 684 28 521 676 586 668 117 519 205 167 288 51 571 479 1135 715 856 249 1036
214 31 11 865 28 3 444 1390 1960 657 203 27 22 1574 950 1603 297 195 57 339 428 534 626 1398 72 21 20 2352 1367 1738 528 90 57 414 75 1262 1764 1772 164 872 262 803 1534 475 2320 1738 117 1190 1587 1543 1829 362 1239 568 645 844 344 974 1104 2730 1970 2035 435 2629
214 31 11 865 28 3 444 1390 1960 657 203 27 22 1574 950 1603 297 195 57 339 428 534 626 1398 72 21 20 2352 1367 1738 528 90 57 414 75 1262 1764 1772 164 872 262 803 1534 475 2320 1738 117 1190 1587 1543 1829 362 1239 568 645 844 344 974 1104 2730 1970 2035 435 2629
214 31 11 865 28 3 444 1390 1960 657 203 27 22 1574 950 1603 297 195 57 339 428 534 626 1398 72 21 20 2352 1367 1738 528 90 57 414 75 1262 1764 1772 164 872 262 803 1534 475 2320 1738 117 1190 1587 1543 1829 362 1239 568 645 844 344 974 1104 2730 1970 2035 435 2629
214 31 11 865 28 3 444 1390 1960 657 203 27 22 1574 950 1603 297 195 57 339 428 534 626 1398 72 21 20 2352 1367 1738 528 90 57 414 75 1262 1764 1772 164 872 262 803 1534 475 2320 1738 117 1190 1587 1543 1829 362 1239 568 645 844 344 974 1104 2730 1970 2035 435 2629
214 31 11 865 28 3 444 1390 1955 657 203 27 22 1574 946 1599 297 195 57 339 428 534 625 1389 72 21 20 2352 1367 1738 528 90 57 411 75 1258 1733 1771 164 872 262 803 1527 475 2314 1738 115 1190 1587 1543 1829 362 1239 568 645 844 344 974 1104 2729 1932 2035 435 2626
32 3 0 42 5 0 28 1223 496 75 31 1 0 162 305 1045 29 22 6 136 122 83 420 1297 5 3 0 101 72 471 196 34 0 28 4 223 150 407 23 457 23 53 221 26 662 304 53 529 232 222 299 141 961 205 173 236 156 272 563 1222 930 1216 129 1245
12 0 0 71 1 2 9 190 102 9 0 0 0 46 21 158 0 2 0 27 19 41 40 139 0 0 3 142 69 129 16 9 0 10 3 74 128 35 0 71 5 16 38 4 112 27 1 75 22 71 72 2 54 18 18 39 20 86 30 87 66 46 16 103
32 0 0 2 0 0 2 119 28 28 0 0 0 126 3 8 0 0 0 1 0 18 20 59 0 0 0 51 3 74 9 0 0 0 0 2 15 17 0 20 0 2 50 0 1 51 0 133 0 0 115 7 91 0 0 0 0 1 37 2 26 0 0 56
0 0 0 0 0 0 0 0 0 0 0 0 0 0 0 0 0 0 0 0 0 0 0 0 0 0 0 0 0 0 0 0 0 0 0 0 0 0 0 0 0 0 0 0 0 0 0 0 0 0 0 0 0 0 0 0 0 0 0 0 0 0 0 0
0 0 0 0 0 0 0 0 0 0 0 0 0 0 0 0 0 0 0 0 0 0 0 0 0 0 0 0 0 0 0 0 0 0 0 0 0 0 0 0 0 0 0 0 0 0 0 0 0 0 0 0 0 0 0 0 0 0 0 0 0 0 0 0
0 0 0 0 0 0 0 0 0 0 0 0 0 0 0 0 0 0 0 0 0 0 0 0 0 0 0 0 0 0 0 0 0 0 0 0 0 0 0 0 0 0 0 0 0 0 0 0 0 0 0 0 0 0 0 0 0 0 0 0 0 0 0 0
2 0 0 0 0 0 0 9 17 0 0 0 0 1 2 3 0 0 0 0 0 0 16 4 0 0 0 5 0 0 2 0 0 0 0 1 3 0 0 0 0 0 0 0 0 0 0 0 0 0 0 0 2 0 2 0 0 0 7 4 0 1 8 5
214 31 11 865 28 3 444 1390 1960 657 203 27 22 1574 950 1603 297 195 57 339 428 534 626 1398 72 21 20 2352 1367 1738 528 90 57 414 75 1262 1764 1772 164 872 262 803 1534 475 2320 1738 117 1190 1587 1543 1829 362 1239 568 645 844 344 974 1104 2730 1970 2035 435 2629
214 31 11 865 28 3 444 1390 1960 657 203 27 22 1574 950 1603 297 195 57 339 428 534 626 1398 72 21 20 2352 1367 1738 528 90 57 414 75 1262 1764 1772 164 872 262 803 1534 475 2320 1738 117 1190 1587 1543 1829 362 1239 568 645 844 344 974 1104 2730 1970 2035 435 2629
214 31 11 865 28 3 444 1390 1960 657 203 27 22 1574 950 1603 297 195 57 339 428 534 626 1398 72 21 20 2352 1367 1738 528 90 57 414 75 1262 1764 1772 164 872 262 803 1534 475 2320 1738 117 1190 1587 1543 1829 362 1239 568 645 844 344 974 1104 2730 1970 2035 435 2629
214 31 11 865 28 3 444 1390 1960 657 203 27 22 1574 950 1603 297 195 57 339 428 534 626 1398 72 21 20 2352 1367 1738 528 90 57 414 75 1262 1764 1772 164 872 262 803 1534 475 2320 1738 117 1190 1587 1543 1829 362 1239 568 645 844 344 974 1104 2730 1970 2035 435 2629
103 0 5 255 7 3 73 687 545 115 46 4 11 303 193 388 85 66 25 110 39 259 189 419 32 8 12 708 550 578 161 18 0 130 21 442 575 305 26 487 93 326 837 183 654 1020 40 561 533 698 1040 185 562 261 235 312 159 529 506 1088 736 854 226 964
9 0 0 7 0 0 0 8 36 6 0 0 0 0 2 17 11 4 0 3 7 0 4 27 0 0 0 76 16 58 10 0 0 5 0 19 28 9 0 5 0 4 14 7 33 4 11 32 21 12 21 3 6 7 3 5 3 6 9 22 15 52 16 39
0 0 0 23 0 0 4 30 0 0 0 0 2 30 20 68 1 1 0 0 7 30 42 100 0 0 0 84 44 69 2 3 0 0 0 26 112 1 0 9 1 22 78 6 56 13 0 19 61 74 60 14 15 18 24 15 9 31 45 57 88 156 15 78
0 0 0 0 0 0 4 4 0 0 0 0 0 0 0 1 0 0 0 0 0 4 7 5 0 0 0 2 0 0 1 3 0 0 0 0 10 14 4 8 0 0 4 0 2 0 0 3 5 3 22 0 2 0 3 4 1 2 1 25 1 5 0 8
0 0 0 0 0 0 0 0 0 0 0 0 0 0 0 0 0 0 0 0 0 0 0 0 0 0 0 0 0 0 0 0 0 0 0 0 0 0 0 0 0 0 0 0 0 0 0 0 0 0 0 0 0 0 0 0 0 0 0 0 0 0 0 0
0 0 0 1 0 0 11 12 0 0 0 0 1 6 4 7 0 7 0 19 0 16 2 12 0 0 3 2 1 2 1 2 0 0 0 8 9 17 0 45 1 5 63 14 18 2 0 12 11 49 25 4 24 2 3 5 0 5 27 84 28 24 5 3
0 0 0 0 0 0 0 0 0 0 0 0 0 0 0 0 0 0 0 0 0 0 0 0 0 0 0 0 0 0 2 0 0 0 0 0 0 0 0 0 0 0 0 0 0 0 0 1 0 1 0 0 0 0 0 0 0 0 0 0 0 0 0 0
0 0 0 0 0 0 0 5 3 1 0 0 0 0 0 3 0 0 0 0 0 3 0 0 0 0 0 0 4 5 0 0 0 0 0 0 9 0 0 0 0 0 4 0 2 0 0 3 0 1 7 0 0 0 0 0 0 4 3 2 2 2 0 4
214 31 11 865 28 3 444 1390 1960 657 203 27 22 1574 950 1603 297 195 57 339 428 534 626 1398 72 21 20 2352 1367 1738 528 90 57 414 75 1262 1764 1772 164 872 262 803 1534 475 2320 1738 117 1190 1587 1543 1829 362 1239 568 645 844 344 974 1104 2730 1970 2035 435 2629
214 31 11 865 28 3 444 1390 1960 657 203 27 22 1574 950 1603 297 195 57 339 428 534 626 1398 72 21 20 2352 1367 1738 528 90 57 414 75 1262 1764 1772 164 872 262 803 1534 475 2320 1738 117 1190 1587 1543 1829 362 1239 568 645 844 344 974 1104 2730 1970 2035 435 2629
