0 0 0 0 0 0 0 0 0 0 0 0 0 0 0 0 0 0 0 0 0 0 0 0 0 0 0 0 0 0 0 0 0 0 0 0 0 0 0 0 0 0 0 0 0 0 0 0 0 0 0 0 0 0 0 0 0 0 0 0 0 0 0 0
0 0 0 0 0 0 0 0 0 0 0 0 0 0 0 0 0 0 0 0 0 0 0 0 0 0 0 0 0 0 0 0 0 0 0 0 0 0 0 0 0 0 0 0 0 0 0 0 0 0 0 0 0 0 0 0 0 0 0 0 0 0 0 0
131 3 4 408 13 3 122 804 1497 378 70 14 0 975 631 861 203 151 43 271 207 368 468 815 53 19 2 1833 1162 1550 397 39 39 387 53 1205 1494 1403 61 435 245 715 1345 392 2033 507 40 428 1537 1515 1775 338 1030 309 138 103 322 930 825 2478 1520 1137 71 827
0 0 0 0 0 0 0 0 0 0 0 0 0 0 0 0 0 0 0 0 0 0 0 0 0 0 0 0 0 0 0 0 0 0 0 0 0 0 0 71 7 165 864 70 631 539 75 998 1558 1500 1651 327 1195 518 601 744 341 874 981 2718 1884 1891 431 2599
214 31 11 865 28 3 297 1390 1960 657 203 27 18 1484 923 1603 297 195 57 339 428 534 626 1398 72 21 18 2352 1367 1738 528 90 57 414 75 1262 1764 1669 164 871 262 803 1534 475 2320 867 117 1082 1587 1543 1829 362 1238 566 643 816 344 974 1049 2730 1970 2015 419 2629
214 31 11 865 28 3 281 1390 1960 657 203 27 20 1551 941 1603 297 195 57 339 428 534 626 1398 72 21 20 2352 1367 1738 528 90 57 414 75 1261 1764 1752 164 872 262 803 1534 473 2320 933 117 1175 1587 1543 1829 362 1239 568 645 836 344 974 1057 2730 1970 2035 434 2629
214 31 11 865 28 3 387 1390 1960 657 203 27 18 1558 948 1603 297 195 57 339 428 534 626 1398 72 21 20 2352 1367 1738 528 90 57 414 75 1262 1764 1751 164 872 262 803 1534 475 2320 933 117 1190 1587 1543 1829 362 1239 568 645 838 344 974 1044 2730 1970 2035 434 2629
214 31 11 827 28 3 365 1388 1960 654 202 27 16 1545 947 1603 297 195 57 339 416 534 620 1360 72 21 20 2352 1367 1738 528 90 57 414 75 1261 1764 1732 164 872 262 803 1534 475 2320 912 117 1190 1571 1543 1829 362 1200 568 645 829 344 974 1056 2730 1970 2035 435 2628
214 31 11 858 28 3 381 1213 1916 655 203 26 22 1527 746 1569 295 194 57 339 428 531 615 1370 72 21 18 2336 1328 1728 522 88 41 394 75 1174 1696 1527 162 864 217 768 1343 473 2315 862 115 1185 1422 1465 1807 356 1236 545 630 814 324 948 997 2695 1963 2035 393 2450
214 31 11 865 28 3 328 1390 1960 657 203 27 8 1533 925 1603 297 195 57 339 428 534 626 1398 72 21 20 2349 1361 1733 528 90 57 414 75 1248 1746 1678 164 872 257 803 1534 475 2320 852 117 1190 1587 1543 1829 362 1239 566 645 817 344 971 1028 2730 1970 2035 429 2629
0 0 0 0 0 0 0 0 0 0 0 0 0 0 0 0 0 0 0 0 0 0 0 0 0 0 0 0 0 0 0 0 0 0 0 0 0 0 0 0 0 0 0 0 0 0 0 0 0 0 0 0 0 0 0 0 0 0 0 0 0 0 0 0
0 0 0 0 0 0 0 0 0 0 0 0 0 0 0 0 0 0 0 0 0 0 0 0 0 0 0 0 0 0 0 0 0 0 0 0 0 0 0 0 0 0 0 0 0 0 0 0 0 0 0 0 0 0 0 0 0 0 0 0 0 0 0 0
0 0 0 0 0 0 0 0 0 0 0 0 0 0 0 0 0 0 0 0 0 0 0 0 0 0 0 0 0 0 0 0 0 0 0 0 0 0 0 0 0 0 0 0 0 0 0 0 0 0 0 0 0 0 0 0 0 0 0 0 0 0 0 0
0 0 0 0 0 0 0 0 0 0 0 0 0 0 0 0 0 0 0 0 0 0 0 0 0 0 0 0 0 0 0 0 0 0 0 0 0 0 0 0 0 0 0 0 0 0 0 0 0 0 0 0 0 0 0 0 0 0 0 0 0 0 0 0
175 31 9 716 23 3 235 1172 1813 555 194 22 0 1375 721 1298 216 137 50 302 411 502 508 1207 71 21 8 1776 756 1361 435 72 37 284 52 638 1028 1084 84 696 141 637 1279 293 1933 577 69 985 1236 1231 1524 293 1098 394 542 684 148 746 842 2312 1641 1772 251 2349
192 31 11 662 27 3 194 848 1804 561 192 22 6 1386 742 928 205 154 55 313 425 524 410 943 72 21 14 1760 1016 1482 488 70 52 350 56 971 1283 1369 129 751 243 771 1402 404 1878 628 90 977 1331 1410 1219 280 1116 422 446 663 217 846 829 2149 1674 1888 222 2292
211 27 9 840 28 3 196 1147 1836 645 199 22 20 1471 860 1155 279 152 57 310 424 518 361 1070 64 21 16 2050 1076 1486 504 82 51 363 68 855 1135 1169 132 745 223 759 1289 404 1775 729 105 668 1528 1487 1756 295 1087 407 347 671 295 923 929 2541 1793 1324 319 2298
214 31 11 865 28 3 300 1291 1960 657 203 27 20 1541 928 1414 297 195 57 336 428 532 589 1279 72 21 15 2344 1172 1642 524 90 57 414 70 1166 1547 1631 159 836 262 803 1534 472 2180 830 117 1038 1584 1537 1828 337 1234 509 601 808 344 969 1007 2587 1965 1945 422 2624
214 31 11 865 28 3 333 1389 1960 657 203 27 22 1555 938 1498 297 195 57 339 428 534 621 1343 72 21 20 2352 1294 1729 528 90 57 414 75 1262 1760 1728 164 865 262 803 1534 475 2320 906 117 1190 1587 1543 1829 362 1239 568 639 840 344 974 1024 2730 1970 2035 435 2629
214 31 11 865 28 3 326 1381 1956 657 203 27 21 1545 926 1371 297 195 57 339 428 534 613 1304 72 21 17 2352 1278 1736 528 90 57 414 75 1262 1764 1728 164 857 262 803 1534 475 2320 910 116 1190 1587 1543 1829 362 1239 566 630 838 344 974 1024 2730 1970 2033 435 2613
214 31 11 865 28 3 265 1334 1926 635 196 27 10 1515 797 1235 297 195 57 339 428 534 555 1257 62 21 19 2341 1238 1732 528 90 49 410 75 1232 1749 1651 164 848 238 776 1523 475 2279 857 117 1150 1506 1537 1799 340 1239 555 636 815 344 974 1018 2720 1967 2034 429 2572
214 31 11 865 28 3 265 1335 1948 642 200 27 7 1517 781 1268 297 195 55 339 428 534 551 1284 65 21 17 2348 1240 1733 528 90 48 410 75 1249 1753 1649 164 847 253 782 1529 475 2310 880 117 1155 1542 1541 1821 338 1238 550 638 814 344 974 1014 2727 1970 2035 427 2602
0 0 0 0 0 0 0 0 0 0 0 0 0 0 0 0 0 0 0 0 0 0 0 0 0 0 0 0 0 0 0 0 0 0 0 0 0 0 0 0 0 0 0 0 0 0 0 0 0 0 0 0 0 0 0 0 0 0 0 0 0 0 0 0
0 0 0 0 0 0 0 0 0 0 0 0 0 0 0 0 0 0 0 0 0 0 0 0 0 0 0 0 0 0 0 0 0 0 0 0 0 0 0 0 0 0 0 0 0 0 0 0 0 0 0 0 0 0 0 0 0 0 0 0 0 0 0 0
0 0 0 0 0 0 0 0 0 0 0 0 0 0 0 0 0 0 0 0 0 0 0 0 0 0 0 0 0 0 0 0 0 0 0 0 0 0 0 0 0 0 0 0 0 0 0 0 0 0 0 0 0 0 0 0 0 0 0 0 0 0 0 0
0 0 0 0 0 0 0 0 0 0 0 0 0 0 0 0 0 0 0 0 0 0 0 0 0 0 0 0 0 0 0 0 0 0 0 0 0 0 0 0 0 0 0 0 0 0 0 0 0 0 0 0 0 0 0 0 0 0 0 0 0 0 0 0
15 0 3 134 3 2 150 298 70 17 33 11 0 600 133 378 1 2 4 26 28 161 59 61 7 3 1 255 137 297 37 15 0 35 0 9 14 26 0 30 13 56 183 10 149 22 13 102 142 172 352 61 98 39 46 58 0 83 41 301 27 59 3 27
111 2 6 423 7 3 205 842 1230 244 58 15 4 1126 338 540 133 34 8 159 207 317 107 346 32 18 9 1253 630 950 350 72 15 169 2 347 662 773 31 367 105 371 730 179 1098 490 33 506 777 897 1148 223 828 199 167 366 77 595 615 1705 716 685 127 545
214 31 11 862 28 3 272 1344 1928 650 198 27 22 1507 746 1168 293 194 57 337 408 525 571 1186 55 21 18 2307 1042 1612 520 80 49 409 71 1207 1693 1574 164 792 179 600 1459 465 2280 796 117 1037 1199 1218 1560 336 1190 523 516 771 246 791 763 2385 1889 2025 424 2540
214 31 11 865 28 3 376 1388 1958 651 203 27 21 1554 918 1483 293 194 57 339 423 534 624 1341 66 21 20 2350 1162 1685 528 90 57 414 75 1257 1749 1605 163 834 262 803 1534 475 2314 871 117 1181 1550 1541 1806 362 1232 568 623 824 343 974 999 2711 1962 2035 435 2596
85 31 7 852 28 3 315 1390 1020 459 193 24 22 1544 936 1533 97 147 57 286 347 515 625 1344 17 9 19 2044 838 1186 421 88 57 411 72 761 1347 1600 164 854 260 802 1534 463 2287 908 117 1190 1579 1543 1829 362 1237 568 639 821 344 974 1027 2730 1966 2019 435 2628
214 31 11 864 28 3 319 1390 1960 657 203 27 18 1546 932 1519 297 193 55 294 422 527 616 1338 72 21 20 2236 1146 1665 528 90 57 414 75 1231 1714 1694 164 867 262 803 1534 469 2293 911 117 1190 1578 1539 1829 354 1239 566 614 818 344 974 1016 2730 1965 2035 435 2628
214 31 11 862 28 3 273 1386 1960 657 203 27 16 1505 914 1559 297 195 55 330 427 532 620 1341 72 21 17 2352 1152 1667 528 90 57 414 75 1256 1764 1692 164 872 262 803 1534 475 2318 904 117 1185 1580 1541 1829 355 1239 568 612 823 344 970 1013 2730 1970 2035 433 2629
214 31 11 865 28 3 311 1377 1960 653 203 27 9 1464 859 1567 297 195 57 334 422 534 607 1324 72 21 20 2352 1139 1693 528 90 57 414 73 1262 1764 1653 164 872 262 803 1534 475 2320 893 117 1190 1576 1541 1829 361 1239 566 597 833 344 955 973 2706 1970 2013 423 2617
0 0 0 0 0 0 0 0 0 0 0 0 0 0 0 0 0 0 0 0 0 0 0 0 0 0 0 0 0 0 0 0 0 0 0 0 0 0 0 0 0 0 0 0 0 0 0 0 0 0 0 0 0 0 0 0 0 0 0 0 0 0 0 0
0 0 0 0 0 0 0 0 0 0 0 0 0 0 0 0 0 0 0 0 0 0 0 0 0 0 0 0 0 0 0 0 0 0 0 0 0 0 0 0 0 0 0 0 0 0 0 0 0 0 0 0 0 0 0 0 0 0 0 0 0 0 0 0
0 0 0 0 0 0 0 0 0 0 0 0 0 0 0 0 0 0 0 0 0 0 0 0 0 0 0 0 0 0 0 0 0 0 0 0 0 0 0 0 0 0 0 0 0 0 0 0 0 0 0 0 0 0 0 0 0 0 0 0 0 0 0 0
0 0 0 0 0 0 0 0 0 0 0 0 0 0 0 0 0 0 0 0 0 0 0 0 0 0 0 0 0 0 0 0 0 0 0 0 0 0 0 0 0 0 0 0 0 0 0 0 0 0 0 0 0 0 0 0 0 0 0 0 0 0 0 0
206 31 7 741 26 3 188 1277 1824 562 154 24 0 1214 780 1489 288 166 33 286 292 475 545 1154 68 21 9 2184 993 1554 494 80 54 400 69 1077 1573 1486 120 800 244 713 1459 424 2236 682 112 1038 1397 1430 1772 333 1163 523 532 762 274 905 946 2649 1824 1964 383 2549
214 31 11 865 28 3 282 1390 1960 655 203 27 7 1479 919 1593 297 195 55 337 428 534 618 1336 72 21 20 2352 1189 1721 528 90 57 414 75 1237 1755 1611 164 870 258 803 1534 475 2320 819 117 1173 1567 1513 1829 341 1234 559 616 825 344 945 994 2728 1953 2029 406 2629
214 31 11 865 28 3 286 1390 1960 657 203 27 16 1497 897 1603 297 195 57 339 428 534 626 1348 72 21 20 2352 1208 1729 528 90 57 414 75 1262 1764 1676 164 872 262 803 1534 474 2320 891 117 1190 1587 1543 1829 360 1239 568 643 839 344 966 1030 2730 1970 2035 435 2629
214 31 11 865 28 3 330 1390 1960 657 203 27 22 1558 929 1603 297 195 57 339 428 534 626 1370 72 21 20 2352 1249 1736 528 90 57 414 75 1262 1764 1653 164 872 262 803 1534 475 2320 907 117 1190 1587 1543 1829 362 1239 568 645 829 344 966 1030 2730 1970 2035 435 2629
214 31 11 865 28 3 344 1390 1960 656 203 27 22 1567 935 1572 295 195 55 334 428 533 612 1398 72 21 20 2348 1366 1737 528 90 57 414 75 1262 1764 1685 164 872 262 803 1534 473 2292 897 117 1190 1587 1543 1829 362 1239 568 645 825 344 968 1026 2730 1961 2032 434 2621
214 31 11 865 28 3 343 1390 1960 657 203 27 20 1566 943 1603 297 195 57 339 428 534 626 1398 72 21 20 2352 1367 1738 528 90 57 414 75 1262 1764 1685 164 872 262 803 1534 475 2320 921 117 1190 1587 1543 1829 362 1239 568 645 844 344 966 1038 2730 1970 2035 435 2629
214 31 11 865 28 3 321 1390 1960 657 203 27 20 1557 932 1603 297 195 57 339 428 534 626 1398 72 21 20 2352 1367 1738 528 90 57 414 75 1262 1764 1659 164 872 262 803 1534 475 2320 906 117 1190 1587 1543 1829 362 1237 548 645 814 344 954 1000 2724 1953 2003 435 2629
214 31 11 865 28 3 318 1390 1960 657 203 27 13 1546 855 1603 297 195 57 339 428 534 626 1398 72 21 20 2352 1367 1738 528 90 57 414 75 1262 1764 1657 164 872 262 803 1534 475 2320 864 117 1190 1587 1543 1829 359 1237 546 643 791 344 951 1013 2709 1952 2000 431 2629
0 0 0 0 0 0 0 0 0 0 0 0 0 0 0 0 0 0 0 0 0 0 0 0 0 0 0 0 0 0 0 0 0 0 0 0 0 0 0 0 0 0 0 0 0 0 0 0 0 0 0 0 0 0 0 0 0 0 0 0 0 0 0 0
0 0 0 0 0 0 0 0 0 0 0 0 0 0 0 0 0 0 0 0 0 0 0 0 0 0 0 0 0 0 0 0 0 0 0 0 0 0 0 0 0 0 0 0 0 0 0 0 0 0 0 0 0 0 0 0 0 0 0 0 0 0 0 0
0 0 0 0 0 0 0 0 0 0 0 0 0 0 0 0 0 0 0 0 0 0 0 0 0 0 0 0 0 0 0 0 0 0 0 0 0 0 0 0 0 0 0 0 0 0 0 0 0 0 0 0 0 0 0 0 0 0 0 0 0 0 0 0
0 0 0 0 0 0 0 0 0 0 0 0 0 0 0 0 0 0 0 0 0 0 0 0 0 0 0 0 0 0 0 0 0 0 0 0 0 0 0 0 0 0 0 0 0 0 0 0 0 0 0 0 0 0 0 0 0 0 0 0 0 0 0 0
0 0 0 0 0 0 0 0 0 0 0 0 0 0 0 0 0 0 0 0 0 0 0 0 0 0 0 0 0 0 0 0 0 0 0 0 0 0 0 0 0 0 0 0 0 0 0 0 0 0 0 0 0 0 0 0 0 0 0 0 0 0 0 0
209 27 10 677 26 3 263 1284 1816 517 157 27 9 1339 833 1399 275 159 49 280 349 438 503 1241 61 21 15 2081 910 1360 462 74 43 338 65 865 1364 1478 130 702 212 678 1208 334 2116 693 82 994 1289 1383 1682 272 1064 352 278 531 200 729 766 2154 1440 1579 293 2264
197 31 11 840 28 3 284 1387 1925 621 192 27 14 1520 905 1598 295 192 57 338 425 522 605 1388 72 21 19 2277 1220 1568 524 90 53 414 71 1171 1694 1667 161 858 218 748 1498 427 2288 800 117 1185 1432 1518 1740 292 1232 469 500 770 338 880 903 2510 1925 1993 414 2458
214 31 11 865 28 3 359 1390 1960 657 203 27 22 1559 930 1602 297 195 57 339 428 533 626 1398 72 21 17 2352 1218 1693 528 90 57 414 75 1238 1764 1659 164 872 262 799 1534 474 2318 884 117 1190 1564 1538 1816 334 1238 539 639 807 344 935 970 2692 1966 2034 433 2629
214 31 11 865 28 3 414 1390 1960 657 203 27 22 1571 948 1603 297 195 57 339 428 534 625 1398 72 21 18 2352 1362 1723 528 90 57 413 75 1262 1761 1687 164 872 233 796 1529 473 2318 930 117 1190 1584 1539 1829 357 1239 567 645 844 344 974 1023 2726 1970 2035 435 2629
214 31 11 865 28 3 416 1390 1960 657 203 27 22 1572 948 1603 297 195 57 339 428 534 626 1398 72 21 20 2352 1367 1737 528 90 57 414 75 1262 1764 1695 164 872 259 800 1534 475 2320 964 117 1190 1587 1543 1829 362 1239 568 645 844 344 974 1030 2730 1970 2035 435 2629
214 31 11 865 28 3 322 1390 1957 657 203 27 22 1572 937 1603 294 195 57 339 428 533 626 1398 72 21 20 2351 1367 1737 528 90 57 414 75 1262 1760 1651 164 870 262 800 1534 475 2320 941 117 1190 1587 1543 1829 354 1236 567 645 818 344 953 1019 2704 1910 2033 434 2591
211 31 8 416 16 0 0 0 1958 657 190 10 0 5 0 0 290 195 55 302 0 0 0 0 72 21 19 226 8 0 0 0 42 233 2 37 0 0 0 0 0 0 0 0 0 0 0 0 0 0 0 0 0 0 0 0 0 0 0 0 0 0 0 0
0 0 0 0 0 0 0 0 0 0 0 0 0 0 0 0 0 0 0 0 0 0 0 0 0 0 0 0 0 0 0 0 0 0 0 0 0 0 0 0 0 0 0 0 0 0 0 0 0 0 0 0 0 0 0 0 0 0 0 0 0 0 0 0
0 0 0 0 0 0 0 0 0 0 0 0 0 0 0 0 0 0 0 0 0 0 0 0 0 0 0 0 0 0 0 0 0 0 0 0 0 0 0 0 0 0 0 0 0 0 0 0 0 0 0 0 0 0 0 0 0 0 0 0 0 0 0 0
0 0 0 0 0 0 0 0 0 0 0 0 0 0 0 0 0 0 0 0 0 0 0 0 0 0 0 0 0 0 0 0 0 0 0 0 0 0 0 0 0 0 0 0 0 0 0 0 0 0 0 0 0 0 0 0 0 0 0 0 0 0 0 0
0 0 0 0 0 0 0 0 0 0 0 0 0 0 0 0 0 0 0 0 0 0 0 0 0 0 0 0 0 0 0 0 0 0 0 0 0 0 0 0 0 0 0 0 0 0 0 0 0 0 0 0 0 0 0 0 0 0 0 0 0 0 0 0
9 5 0 12 0 0 0 2 6 24 5 0 0 8 0 0 0 22 11 17 0 0 0 3 0 0 0 167 87 0 0 0 0 1 0 2 12 25 0 0 0 0 0 2 0 0 0 0 0 0 0 0 0 0 0 0 0 0 0 0 0 0 0 0
214 31 11 865 28 3 418 1390 1960 657 203 27 20 1562 939 1603 297 195 57 339 428 534 626 1398 72 21 20 2352 1367 1736 528 90 57 414 75 1262 1764 1702 164 872 262 803 1534 475 2320 867 117 1190 1587 1543 1829 358 1239 568 645 835 344 950 1033 2730 1969 2035 435 2629
214 31 11 865 28 3 325 1390 1960 657 203 27 18 1555 921 1603 297 192 57 339 428 534 626 1398 72 21 18 2352 1367 1733 528 90 57 414 75 1262 1764 1671 164 872 262 803 1530 475 2320 861 117 1190 1585 1543 1827 357 1212 559 639 788 344 952 1006 2730 1948 2034 435 2629
214 31 11 865 28 3 390 1390 1960 657 203 27 22 1555 926 1601 297 195 57 335 428 527 620 1398 72 21 20 2323 1329 1671 514 90 57 414 73 1237 1731 1655 160 811 262 802 1533 473 2306 896 115 1177 1587 1543 1829 357 1235 518 609 775 344 951 1009 2720 1899 1976 417 2590
0 0 0 0 0 0 0 0 0 0 0 0 0 0 0 0 0 0 0 0 0 0 0 0 0 0 0 0 0 0 0 0 0 0 0 0 0 0 0 0 7 0 0 0 0 0 0 0 15 0 0 0 0 0 0 0 17 78 0 0 0 0 0 0
214 31 11 865 28 3 442 1390 1960 657 203 27 22 1571 940 1603 297 195 57 339 428 531 626 1398 72 21 20 2348 1318 1738 528 90 57 414 75 1262 1762 1700 164 855 262 803 1534 475 2320 986 117 1188 1587 1541 1829 362 1239 568 645 836 344 962 1037 2730 1970 2035 435 2618
197 31 11 865 28 3 444 1390 1691 582 203 27 22 1569 948 1599 297 194 57 339 428 534 626 1396 72 21 20 2352 1367 1737 528 90 57 414 75 1262 1764 1660 164 872 262 803 1534 475 2320 991 117 1190 1587 1539 1816 362 1239 520 559 562 308 782 213 388 87 11 0 0
214 31 11 865 28 3 329 1390 1960 657 203 27 22 1561 933 1603 297 195 55 339 428 534 626 1398 72 21 20 2352 1367 1735 528 90 57 414 75 1262 1764 1659 164 863 262 803 1534 475 2320 904 117 1190 1587 1543 1829 362 1239 568 645 826 344 960 1022 2730 1970 2035 435 2629
0 0 0 0 0 0 0 0 0 0 0 0 0 0 0 0 0 0 0 0 0 0 0 0 0 0 0 0 0 0 0 0 0 0 0 0 0 0 0 0 0 0 0 0 0 0 0 0 0 0 0 0 0 0 0 0 0 0 0 0 0 0 0 0
0 0 0 0 0 0 0 0 0 0 0 0 0 0 0 0 0 0 0 0 0 0 0 0 0 0 0 0 0 0 0 0 0 0 0 0 0 0 0 0 0 0 0 0 0 0 0 0 0 0 0 0 0 0 0 0 0 0 0 0 0 0 0 0
0 0 0 0 0 0 0 0 0 0 0 0 0 0 0 0 0 0 0 0 0 0 0 0 0 0 0 0 0 0 0 0 0 0 0 0 0 0 0 0 0 0 0 0 0 0 0 0 0 0 0 0 0 0 0 0 0 0 0 0 0 0 0 0
0 0 0 0 0 0 0 0 0 0 0 0 0 0 0 0 0 0 0 0 0 0 0 0 0 0 0 0 0 0 0 0 0 0 0 0 0 0 0 0 0 0 0 0 0 0 0 0 0 0 0 0 0 0 0 0 0 0 0 0 0 0 0 0
0 0 0 0 0 0 0 0 0 0 0 0 0 0 0 0 0 0 0 0 0 0 0 0 0 0 0 0 0 0 0 0 0 0 0 0 6 138 34 531 92 468 1352 381 2237 743 112 1099 1538 1466 1807 357 1183 547 600 738 343 917 993 2712 1905 1967 407 2541
214 31 11 865 28 3 286 1390 1960 657 203 27 11 1543 909 1596 297 195 55 339 428 534 626 1398 72 21 20 2348 1367 1733 528 86 57 414 75 1262 1764 1643 164 864 262 803 1534 475 2320 867 117 1190 1587 1543 1829 362 1239 568 645 828 344 951 1015 2730 1970 2035 435 2629
0 0 0 0 0 0 0 33 0 0 0 0 0 0 53 75 0 0 0 0 0 0 5 268 0 0 0 0 0 1 11 5 25 71 0 26 21 48 10 30 202 490 1260 188 603 175 41 97 988 698 645 235 547 518 537 715 280 705 957 2664 1875 2021 427 2628
214 31 11 853 28 3 367 1364 1920 657 201 27 22 1569 925 1505 297 195 57 339 428 533 585 1383 72 21 20 2352 1367 1737 528 90 57 414 75 1262 1764 1770 164 868 262 803 1534 475 2320 946 117 1190 1587 1543 1829 362 1239 568 645 841 344 963 1041 2730 1970 2035 435 2629
214 31 10 839 25 3 393 1358 1904 657 199 27 22 1558 820 1350 295 195 57 338 428 534 521 1321 72 21 20 2352 1367 1738 528 90 57 408 75 1261 1764 1721 164 872 246 762 1211 464 2318 955 117 1190 1580 1512 1828 334 1230 556 645 842 344 960 1023 2713 1968 2012 434 2609
214 31 11 859 28 3 406 1385 1954 657 203 27 22 1570 929 1554 297 195 57 339 428 534 621 1396 72 21 20 2352 1367 1738 528 90 57 414 75 1262 1764 1772 164 872 262 803 1504 472 2320 961 117 1190 1587 1542 1829 362 1239 568 645 844 344 972 1036 2730 1970 2035 435 2629
214 31 11 856 28 3 302 1390 1917 657 203 27 22 1563 883 1574 297 195 55 339 428 534 617 1326 72 21 20 2352 1365 1738 528 90 57 414 75 1253 1762 1635 154 872 260 802 1488 473 2320 904 117 1190 1587 1543 1829 356 1238 568 641 816 344 970 1018 2691 1970 2035 434 2568
214 31 11 855 28 3 279 1390 1899 657 201 27 22 1562 900 1599 297 195 55 339 428 534 626 1364 72 21 20 2352 1367 1738 528 90 57 414 75 1262 1764 1631 164 872 262 803 1503 475 2320 876 117 1190 1587 1543 1829 354 1239 568 645 844 344 969 1024 2730 1970 2035 435 2629
0 0 0 0 0 0 0 0 0 0 0 0 0 0 0 0 0 0 0 0 0 0 0 0 0 0 0 0 0 0 0 0 0 0 0 0 0 0 0 0 0 0 0 0 0 0 0 0 0 0 0 0 0 0 0 0 0 0 0 0 0 0 0 0
0 0 0 0 0 0 0 0 0 0 0 0 0 0 0 0 0 0 0 0 0 0 0 0 0 0 0 0 0 0 0 0 0 0 0 0 0 0 0 0 0 0 0 0 0 0 0 0 0 0 0 0 0 0 0 0 0 0 0 0 0 0 0 0
0 0 0 0 0 0 0 0 0 0 0 0 0 0 0 0 0 0 0 0 0 0 0 0 0 0 0 0 0 0 0 0 0 0 0 0 0 0 0 0 0 0 0 0 0 0 0 0 0 0 0 0 0 0 0 0 0 0 0 0 0 0 0 0
0 0 0 0 0 0 0 0 0 0 0 0 0 0 0 0 0 0 0 0 0 0 0 0 0 0 0 0 0 0 0 0 0 0 0 0 0 0 0 0 0 0 0 0 0 0 0 0 0 0 0 0 0 0 0 0 0 0 0 0 0 0 0 0
214 31 10 797 26 3 212 1304 1907 647 190 22 12 1452 492 988 293 189 51 330 391 513 474 1026 72 21 13 2208 1180 1679 445 68 50 378 75 1100 1563 1377 100 678 254 678 1194 284 1963 703 90 1142 1547 1421 1650 285 1100 470 596 699 338 912 969 2266 1387 1769 370 1899
214 31 11 787 27 3 258 1332 1848 657 196 27 11 1508 796 1359 297 195 55 339 427 529 550 1250 72 21 20 2342 1349 1731 522 86 57 411 75 1256 1760 1651 162 791 262 780 1376 463 2315 871 112 1185 1587 1535 1821 343 1239 555 645 818 344 968 1024 2728 1954 2012 435 2601
214 31 11 856 28 3 291 1382 1906 657 203 27 22 1553 886 1550 297 195 57 339 428 534 603 1354 72 21 20 2352 1367 1737 528 90 57 412 75 1262 1764 1670 164 864 262 803 1491 472 2320 888 117 1190 1587 1543 1824 353 1238 565 645 834 344 960 1038 2730 1970 2035 435 2629
207 31 11 800 27 3 232 924 1917 629 92 24 21 1465 749 1419 285 153 36 339 428 453 519 945 72 21 20 2336 1288 1648 505 81 57 413 71 853 1713 1641 111 512 262 792 1531 459 2303 738 117 626 1586 1543 1827 301 1234 557 231 423 344 966 1039 2729 1949 1889 359 1150
0 0 0 0 0 0 0 0 0 0 0 0 0 0 0 0 0 0 0 0 0 0 0 0 0 0 0 0 0 0 0 0 0 0 0 0 0 0 0 0 0 0 0 0 0 0 0 0 0 0 0 0 0 0 0 0 0 0 0 0 0 0 0 0
214 31 11 865 28 3 359 1390 1960 657 203 27 22 1568 941 1603 297 195 57 339 428 534 626 1398 72 21 20 2352 1367 1738 528 90 57 414 75 1262 1764 1693 164 872 262 803 1534 475 2320 1041 117 1190 1587 1543 1829 362 1239 568 645 844 344 974 1044 2730 1970 2035 435 2629
214 31 11 865 28 3 352 1390 1960 657 203 27 22 1569 941 1601 297 195 57 339 428 534 625 1398 72 21 20 2348 1367 1738 528 90 57 414 75 1262 1764 1674 162 872 262 803 1529 475 2320 999 117 1190 1583 1543 1829 362 1237 567 645 844 340 973 1032 2730 1970 2033 435 2629
173 23 9 812 28 3 267 1107 1650 620 186 19 8 1502 880 1568 281 144 55 254 425 534 620 1347 72 16 15 1202 1335 1692 523 88 53 337 68 1233 1682 1624 161 872 227 761 1515 473 2171 912 117 1190 1587 1543 1829 362 1239 568 645 844 344 965 1018 2730 1970 2035 435 2629
0 0 0 0 0 0 0 0 0 0 0 0 0 0 0 0 0 0 0 0 0 0 0 0 0 0 0 0 0 0 0 0 0 0 0 0 0 0 0 0 0 0 0 0 0 0 0 0 0 0 0 0 0 0 0 0 0 0 0 0 0 0 0 0
0 0 0 0 0 0 0 0 0 0 0 0 0 0 0 0 0 0 0 0 0 0 0 0 0 0 0 0 0 0 0 0 0 0 0 0 0 0 0 0 0 0 0 0 0 0 0 0 0 0 0 0 0 0 0 0 0 0 0 0 0 0 0 0
0 0 0 0 0 0 0 0 0 0 0 0 0 0 0 0 0 0 0 0 0 0 0 0 0 0 0 0 0 0 0 0 0 0 0 0 0 0 0 0 0 0 0 0 0 0 0 0 0 0 0 0 0 0 0 0 0 0 0 0 0 0 0 0
0 0 0 0 0 0 0 0 0 0 0 0 0 0 0 0 0 0 0 0 0 0 0 0 0 0 0 0 0 0 0 0 0 0 0 0 0 0 0 0 0 0 0 0 0 0 0 0 0 0 0 0 0 0 0 0 0 0 0 0 0 0 0 0
0 0 0 5 1 0 0 108 120 4 6 6 0 9 150 61 9 0 0 1 35 3 81 10 35 0 0 19 25 257 13 0 0 1 4 64 139 183 0 22 10 16 162 0 248 209 3 34 147 39 280 14 21 35 36 338 37 7 60 123 320 451 36 327
0 0 0 0 0 0 0 0 0 0 0 0 0 0 0 0 0 0 0 0 0 0 0 0 0 0 0 0 0 0 0 0 0 0 0 0 0 61 14 159 101 390 1150 209 1608 566 44 69 1295 1110 1653 294 1020 427 368 82 228 586 849 2417 1450 1648 144 755
214 31 11 865 28 3 295 1374 1936 657 203 27 22 1547 919 1580 295 195 57 339 428 534 622 1369 72 21 17 2352 1349 1737 528 90 57 414 75 1262 1764 1666 162 872 260 801 1534 475 2320 940 117 1190 1587 1543 1829 362 1225 568 645 844 344 960 1030 2730 1966 2032 435 2627
214 31 11 865 28 3 309 1382 1960 657 203 27 22 1567 935 1579 297 195 57 334 428 534 606 1398 72 21 18 2352 1358 1714 528 90 57 414 75 1262 1722 1658 161 872 262 803 1534 474 2313 938 117 1186 1587 1543 1829 362 1220 567 645 842 344 960 1034 2722 1953 2014 434 2593
171 11 11 822 28 3 316 1215 1683 605 192 27 22 1462 643 838 211 146 55 217 336 465 412 951 41 18 8 1770 1093 1438 423 82 35 324 8 850 1380 1131 133 638 57 629 654 232 1543 710 111 1072 925 1107 1260 248 1029 393 502 602 237 500 822 2112 1357 1496 224 1808
0 0 0 55 1 0 0 3 0 0 0 0 0 0 0 0 0 0 0 0 0 0 0 0 0 0 0 0 0 0 0 0 0 0 0 0 2 0 0 0 0 0 0 0 0 9 1 0 0 0 0 0 0 0 0 0 0 1 1 0 0 0 0 0
79 31 2 830 28 3 277 1333 747 136 80 23 22 1562 932 1436 195 98 44 231 410 533 599 1363 43 21 11 2281 1168 1682 527 89 0 3 3 812 1437 1474 162 672 0 7 42 146 1859 832 116 1108 0 0 185 280 1051 415 466 553 0 0 0 273 984 1467 275 1539
213 31 11 865 28 3 285 1359 1954 657 201 27 20 1560 918 1487 295 175 55 307 428 533 598 1375 72 21 20 2328 1290 1658 523 90 45 405 73 1130 1671 1525 164 729 249 768 1139 424 2149 897 117 1105 1533 1509 1794 359 1134 482 561 715 289 863 955 2476 1564 1591 389 1993
0 0 0 0 0 0 0 0 0 0 0 0 0 0 0 0 0 0 0 0 0 0 0 0 0 0 0 0 0 0 0 0 0 0 0 0 0 0 0 0 0 0 0 0 0 0 0 0 0 0 0 0 0 0 0 0 0 0 0 0 0 0 0 0
0 0 0 0 0 0 0 0 0 0 0 0 0 0 0 0 0 0 0 0 0 0 0 0 0 0 0 0 0 0 0 0 0 0 0 0 0 0 0 0 0 0 0 0 0 0 0 0 0 0 0 0 0 0 0 0 0 0 0 0 0 0 0 0
0 0 0 0 0 0 0 0 0 0 0 0 0 0 0 0 0 0 0 0 0 0 0 0 0 0 0 0 0 0 0 0 0 0 0 0 0 0 0 0 0 0 0 0 0 0 0 0 0 0 0 0 0 0 0 0 0 0 0 0 0 0 0 0
0 0 0 0 0 0 0 0 0 0 0 0 0 0 0 0 0 0 0 0 0 0 0 0 0 0 0 0 0 0 0 0 0 0 0 0 0 0 0 0 0 0 0 0 0 0 0 0 0 0 0 0 0 0 0 0 0 0 0 0 0 0 0 0
0 0 0 0 0 0 0 0 0 0 0 0 0 0 0 0 0 0 0 0 0 0 0 0 0 0 0 0 0 0 0 0 0 0 0 0 0 0 0 0 0 0 0 0 0 0 0 0 0 0 0 0 0 0 0 0 0 0 0 0 0 0 0 0
121 0 4 426 9 3 189 940 624 131 44 12 3 1304 372 515 40 14 55 30 308 378 65 360 32 15 10 1621 519 826 260 69 16 74 17 124 213 347 80 180 73 316 457 43 601 410 68 231 602 732 1139 154 358 90 88 255 53 341 455 1134 228 156 41 73
128 6 4 680 23 3 265 1251 1060 366 96 14 18 1469 477 1044 207 88 55 121 385 449 220 862 55 19 13 2146 788 1215 444 88 24 305 39 307 532 807 141 418 142 455 726 151 1033 745 115 644 992 1039 1571 215 541 171 254 381 123 602 733 1844 811 518 202 648
214 31 11 865 28 3 294 1390 1958 657 203 27 22 1568 931 1434 297 195 57 331 428 534 614 1362 72 21 20 2352 1323 1736 528 90 57 411 75 1157 1587 1603 164 776 258 774 1495 412 2192 917 117 1077 1567 1534 1802 343 1098 427 560 736 338 958 1005 2633 1819 1870 428 2066
214 31 11 862 24 3 289 1384 1937 657 193 27 22 1567 886 1383 295 195 41 306 428 534 574 1307 70 21 20 2344 1351 1717 528 90 57 378 73 1134 1519 1509 164 822 258 786 1491 429 2203 939 117 1140 1571 1533 1808 356 1128 559 638 830 342 964 1002 2603 1911 1989 434 2456
214 31 11 865 28 3 291 1390 1960 657 203 27 22 1564 893 1396 297 195 57 339 426 534 621 1358 72 21 20 2308 1351 1689 502 90 57 396 73 1180 1615 1617 164 810 259 785 1504 427 2266 940 115 1111 1576 1525 1815 362 1097 560 641 804 330 962 925 2033 1850 1985 403 2243
214 31 11 865 28 3 287 1389 1948 655 203 27 21 1562 888 1404 297 195 57 338 428 534 620 1361 72 21 17 2335 1356 1687 491 90 57 402 73 1196 1617 1623 164 818 258 770 1507 432 2271 933 117 1121 1581 1519 1824 362 1082 562 644 808 335 956 1002 2667 1931 2023 425 2529
214 31 11 863 28 3 261 1369 1917 653 195 27 18 1529 848 1313 290 195 55 320 418 527 576 1271 72 21 15 2333 1307 1605 438 88 57 386 73 1067 1565 1557 164 780 256 770 1435 411 2129 879 117 1070 1566 1522 1810 351 961 466 550 782 318 951 991 2557 1820 1927 390 2300
0 0 0 0 0 0 0 0 0 0 0 0 0 0 0 0 0 0 0 0 0 0 0 0 0 0 0 0 0 0 0 0 0 0 0 0 0 0 0 0 0 0 0 0 0 0 0 0 0 0 0 0 0 0 0 0 0 0 0 0 0 0 0 0
0 0 0 0 0 0 0 0 0 0 0 0 0 0 0 0 0 0 0 0 0 0 0 0 0 0 0 0 0 0 0 0 0 0 0 0 0 0 0 0 0 0 0 0 0 0 0 0 0 0 0 0 0 0 0 0 0 0 0 0 0 0 0 0
0 0 0 0 0 0 0 0 0 0 0 0 0 0 0 0 0 0 0 0 0 0 0 0 0 0 0 0 0 0 0 0 0 0 0 0 0 0 0 0 0 0 0 0 0 0 0 0 0 0 0 0 0 0 0 0 0 0 0 0 0 0 0 0
0 0 0 0 0 0 0 0 0 0 0 0 0 0 0 0 0 0 0 0 0 0 0 0 0 0 0 0 0 0 0 0 0 0 0 0 0 0 0 0 0 0 0 0 0 0 0 0 0 0 0 0 0 0 0 0 0 0 0 0 0 0 0 0
0 0 0 0 0 0 0 0 0 0 0 0 0 0 0 0 0 0 0 0 0 0 0 0 0 0 0 0 0 0 0 0 0 0 0 0 0 0 0 0 0 0 0 0 0 0 0 0 0 0 0 0 0 0 0 0 0 0 0 0 0 0 0 0
21 0 3 81 5 3 86 533 67 51 12 11 0 808 93 165 0 5 0 15 47 170 13 51 8 9 8 941 281 414 101 35 3 27 0 39 57 138 14 113 36 134 445 10 306 230 18 149 603 503 1067 93 258 77 77 217 50 281 432 1078 223 123 26 42
125 8 5 370 8 3 198 930 693 210 51 24 18 1188 304 376 85 47 34 72 188 317 87 197 40 17 18 1944 524 901 261 81 35 209 34 258 381 517 94 365 170 532 873 153 853 618 107 246 1223 1204 1625 215 573 192 190 447 235 777 763 1804 966 675 120 737
214 31 11 849 28 3 277 1366 1837 649 196 27 19 1519 788 1103 275 195 57 333 382 530 565 1132 70 21 20 2352 1335 1635 404 90 57 368 73 1158 1589 1552 162 821 259 771 1524 419 2155 886 117 953 1571 1535 1808 360 980 510 572 807 341 958 998 2611 1877 1962 406 2394
214 31 11 860 28 3 264 1377 1657 616 192 27 20 1512 897 1117 214 170 56 331 405 522 575 1147 59 19 20 2345 1341 1632 406 90 57 336 73 1161 1642 1601 164 814 259 763 1458 415 2130 897 117 1000 1536 1532 1793 361 1030 540 592 824 326 942 987 2640 1927 2023 425 2496
214 31 11 861 28 3 255 1370 1831 651 197 27 21 1507 902 1156 277 183 57 336 378 527 612 1237 63 19 20 2352 1346 1655 401 90 57 322 73 1161 1690 1620 164 813 262 772 1499 432 2260 904 117 1039 1570 1533 1773 362 1040 541 571 826 339 945 993 2661 1929 2026 425 2503
214 31 11 861 28 3 235 1368 1846 656 200 27 19 1504 887 1192 287 195 55 332 391 534 622 1244 54 19 17 2352 1326 1653 394 89 52 266 71 1122 1602 1591 164 810 258 768 1442 447 2219 864 117 1035 1534 1514 1808 354 946 512 526 818 327 937 979 2631 1904 2027 414 2468
214 31 11 834 28 3 166 1233 1372 617 180 27 2 1399 740 864 198 170 55 247 319 461 424 788 38 17 7 2331 1152 1378 329 64 31 183 71 773 1279 1381 162 533 232 642 1163 340 1712 689 87 313 1409 1389 1658 279 572 294 416 551 263 826 828 2138 1469 1385 199 1289
0 0 0 0 0 0 0 0 0 0 0 0 0 0 0 0 0 0 0 0 0 0 0 0 0 0 0 0 0 0 0 0 0 0 0 0 0 0 0 0 0 0 0 0 0 0 0 0 0 0 0 0 0 0 0 0 0 0 0 0 0 0 0 0
0 0 0 0 0 0 0 0 0 0 0 0 0 0 0 0 0 0 0 0 0 0 0 0 0 0 0 0 0 0 0 0 0 0 0 0 0 0 0 0 0 0 0 0 0 0 0 0 0 0 0 0 0 0 0 0 0 0 0 0 0 0 0 0
0 0 0 0 0 0 0 0 0 0 0 0 0 0 0 0 0 0 0 0 0 0 0 0 0 0 0 0 0 0 0 0 0 0 0 0 0 0 0 0 0 0 0 0 0 0 0 0 0 0 0 0 0 0 0 0 0 0 0 0 0 0 0 0
0 0 0 0 0 0 0 0 0 0 0 0 0 0 0 0 0 0 0 0 0 0 0 0 0 0 0 0 0 0 0 0 0 0 0 0 0 0 0 0 0 0 0 0 0 0 0 0 0 0 0 0 0 0 0 0 0 0 0 0 0 0 0 0
13 0 0 32 2 0 53 253 10 21 12 0 0 22 299 310 0 0 0 0 22 31 44 47 0 0 0 21 25 40 20 2 0 0 0 0 0 0 0 0 4 0 0 1 5 1 1 0 0 0 0 8 13 9 1 0 0 0 0 0 0 0 0 0
69 2 4 189 7 3 60 644 175 102 31 13 0 590 91 280 6 14 0 0 50 114 35 35 25 15 7 889 370 518 175 47 0 57 5 98 140 178 6 101 62 239 448 51 400 179 26 130 518 568 805 105 339 99 111 277 10 175 198 880 247 200 35 200
58 1 3 202 5 3 111 674 194 119 29 12 4 678 201 348 13 13 7 2 59 161 70 102 24 11 9 1008 353 626 157 55 6 38 7 106 223 326 29 163 89 282 466 72 507 239 25 144 622 627 993 99 421 121 120 272 22 256 301 1044 379 288 50 395
176 31 11 803 28 3 151 1240 991 576 136 27 17 1108 739 1032 149 172 39 253 286 342 500 921 51 17 16 2165 1238 1512 313 77 49 218 69 893 1521 1432 134 487 229 675 1173 415 1855 664 106 570 1332 1380 1633 277 708 407 494 683 302 798 740 2401 1733 1827 321 2213
212 31 11 852 28 3 191 1355 1657 646 196 27 19 1307 784 1246 272 194 54 323 374 486 579 1209 62 21 17 2321 1363 1655 355 84 53 345 73 1099 1596 1545 151 699 247 784 1494 453 2134 795 108 791 1508 1490 1787 345 908 519 565 750 337 919 923 2713 1888 2012 424 2511
214 31 11 862 28 3 205 1362 1809 655 189 27 14 1410 906 1280 288 195 57 339 393 511 625 1267 58 21 18 2348 1336 1628 377 87 57 308 73 1171 1688 1552 135 775 250 768 1492 426 2225 801 108 846 1503 1492 1751 344 898 521 559 781 342 901 878 2694 1849 2017 422 2523
214 31 11 860 28 3 178 1309 1666 657 177 27 14 1311 831 1141 297 195 55 329 338 487 622 1166 60 20 17 2332 1330 1615 372 87 57 331 73 1030 1589 1538 157 662 196 727 1421 409 2068 710 112 672 1455 1420 1735 308 734 452 539 804 303 880 845 2589 1820 1967 376 2419
212 31 11 840 28 3 122 1239 1488 654 163 27 4 1134 769 1097 286 194 55 303 322 442 606 1067 41 19 14 2305 1302 1553 355 81 51 287 70 912 1445 1523 156 536 238 678 1285 397 1907 624 106 557 1360 1346 1691 295 620 385 498 793 322 848 784 2463 1773 1932 333 2270
0 0 0 0 0 0 0 0 0 0 0 0 0 0 0 0 0 0 0 0 0 0 0 0 0 0 0 0 0 0 0 0 0 0 0 0 0 0 0 0 0 0 0 0 0 0 0 0 0 0 0 0 0 0 0 0 0 0 0 0 0 0 0 0
0 0 0 0 0 0 0 0 0 0 0 0 0 0 0 0 0 0 0 0 0 0 0 0 0 0 0 0 0 0 0 0 0 0 0 0 0 0 0 0 0 0 0 0 0 0 0 0 0 0 0 0 0 0 0 0 0 0 0 0 0 0 0 0
0 0 0 0 0 0 0 0 0 0 0 0 0 0 0 0 0 0 0 0 0 0 0 0 0 0 0 0 0 0 0 0 0 0 0 0 0 0 0 0 0 0 0 0 0 0 0 0 0 0 0 0 0 0 0 0 0 0 0 0 0 0 0 0
0 0 0 0 0 0 0 0 0 0 0 0 0 0 0 0 0 0 0 0 0 0 0 0 0 0 0 0 0 0 0 0 0 0 0 0 0 0 0 0 0 0 0 0 0 0 0 0 0 0 0 0 0 0 0 0 0 0 0 0 0 0 0 0
0 0 0 0 0 0 0 0 0 0 0 0 0 0 0 0 0 0 0 0 0 0 0 0 0 0 0 0 0 0 0 0 0 0 0 0 0 0 0 0 0 0 0 0 0 0 0 0 0 0 0 0 0 0 0 0 0 0 0 0 0 0 0 0
9 0 1 14 0 2 28 98 43 30 2 2 0 15 34 37 0 2 0 0 0 0 0 0 6 0 6 174 156 204 46 4 0 30 0 1 9 1 0 0 38 107 121 32 111 35 13 13 117 228 225 80 189 64 55 82 0 32 13 4 15 0 0 0
61 2 6 103 7 3 64 254 149 89 22 13 0 23 67 156 0 14 0 0 0 0 0 0 32 15 10 430 334 379 199 43 0 34 0 0 17 0 0 0 59 148 152 37 152 62 18 42 253 341 329 101 239 85 116 133 0 58 0 0 14 0 1 0
148 31 11 555 27 3 76 537 1149 514 185 27 2 129 414 774 262 194 22 279 167 102 509 703 55 20 15 1313 813 652 260 60 30 222 61 817 919 889 60 140 188 512 668 356 1490 341 57 207 734 1025 610 242 512 267 402 424 261 389 282 622 1197 1270 203 1188
200 31 11 861 28 3 103 1169 1742 617 199 22 13 392 799 1210 289 191 37 331 354 218 602 1228 56 20 19 2012 1325 1478 309 87 38 264 64 1124 1604 1438 116 479 185 564 905 441 2071 579 81 447 1159 1218 716 291 625 376 510 527 335 799 500 1173 1530 1724 277 1921
198 31 11 856 28 3 107 1176 1657 618 203 27 9 411 784 1406 295 195 45 335 380 258 611 1299 62 21 20 2040 1349 1515 356 88 46 344 69 1099 1560 1501 146 548 210 606 978 427 2100 607 115 441 1266 1238 687 299 700 420 572 616 340 847 566 1258 1536 1886 276 2026
176 31 11 839 28 3 79 1053 1557 601 202 27 7 244 666 1238 291 195 48 330 309 200 600 1170 56 19 17 1697 1291 1251 355 84 38 341 67 946 1360 1299 146 437 207 559 777 417 1944 572 111 369 1180 1105 635 255 537 325 486 540 322 804 432 1031 1436 1621 236 1818
152 31 11 784 28 3 79 815 1357 603 192 27 0 128 582 1109 294 195 55 317 264 129 581 1098 54 17 12 1734 1209 1102 346 79 34 335 66 827 1216 1268 141 292 197 477 501 384 1759 505 99 254 1081 991 508 221 445 263 425 463 308 715 350 769 1272 1362 208 1586
0 0 0 0 0 0 0 0 0 0 0 0 0 0 0 0 0 0 0 0 0 0 0 0 0 0 0 0 0 0 0 0 0 0 0 0 0 0 0 0 0 0 0 0 0 0 0 0 0 0 0 0 0 0 0 0 0 0 0 0 0 0 0 0
0 0 0 0 0 0 0 0 0 0 0 0 0 0 0 0 0 0 0 0 0 0 0 0 0 0 0 0 0 0 0 0 0 0 0 0 0 0 0 0 0 0 0 0 0 0 0 0 0 0 0 0 0 0 0 0 0 0 0 0 0 0 0 0
0 0 0 0 0 0 0 0 0 0 0 0 0 0 0 0 0 0 0 0 0 0 0 0 0 0 0 0 0 0 0 0 0 0 0 0 0 0 0 0 0 0 0 0 0 0 0 0 0 0 0 0 0 0 0 0 0 0 0 0 0 0 0 0
0 0 0 0 0 0 0 0 0 0 0 0 0 0 0 0 0 0 0 0 0 0 0 0 0 0 0 0 0 0 0 0 0 0 0 0 0 0 0 0 0 0 0 0 0 0 0 0 0 0 0 0 0 0 0 0 0 0 0 0 0 0 0 0
0 0 0 0 0 0 0 0 0 0 0 0 0 0 0 0 0 0 0 0 0 0 0 0 0 0 0 0 0 0 0 0 0 0 0 0 0 2 0 0 0 6 3 0 17 17 8 6 3 12 1 0 28 4 13 21 16 0 0 1 8 2 20 44
56 1 9 197 19 3 82 328 341 299 49 14 2 89 159 328 67 31 32 55 31 34 163 239 33 14 13 933 485 447 187 46 16 66 35 203 258 340 70 66 101 235 238 206 754 387 59 104 751 751 425 182 284 127 192 235 179 359 124 134 229 268 62 281
0 0 0 4 0 0 5 0 18 13 0 0 0 0 0 0 7 0 5 0 0 0 0 0 0 0 1 296 2 13 1 0 4 11 0 4 0 4 11 0 0 9 11 8 28 28 0 0 5 36 26 15 66 7 2 3 1 16 27 23 12 0 13 0
196 31 11 845 28 3 71 852 1785 649 198 21 9 639 751 1382 240 194 57 225 388 235 603 1249 39 15 17 1516 1311 1452 239 51 52 300 44 664 1194 1169 144 517 211 601 895 347 1054 412 43 412 1323 1237 920 240 519 338 479 545 330 832 568 1513 1338 1556 279 2106
188 31 11 853 28 3 64 950 1851 647 201 27 8 563 734 1329 297 195 55 336 385 253 607 1229 71 21 15 2254 1323 1497 363 86 54 342 73 1116 1579 1528 156 550 211 601 950 456 2196 647 108 397 1360 1251 869 271 619 394 564 643 338 869 576 1631 1596 1926 282 2122
96 31 11 660 16 3 21 887 206 114 21 23 0 104 553 1117 0 6 5 0 2 75 602 1141 0 0 0 30 3 225 296 84 0 0 0 21 409 549 156 526 0 0 16 161 1828 691 108 416 0 191 379 297 657 435 540 563 75 291 655 1927 1582 1893 290 1918
180 31 11 810 28 3 72 799 1714 657 203 27 4 269 658 1220 295 195 55 318 350 225 602 1127 71 20 12 2212 1310 1433 333 86 57 363 73 1017 1456 1486 160 519 211 577 939 426 2060 652 114 445 1334 1174 976 275 600 422 530 695 336 870 585 1535 1426 1784 235 1988
126 31 11 649 25 3 59 402 1164 524 163 22 0 126 542 823 227 168 55 237 217 81 509 672 35 17 11 1756 1127 1091 283 54 45 238 64 592 918 1102 130 250 195 473 543 321 1660 496 94 171 1145 874 600 196 344 214 317 453 239 607 318 894 1033 1205 174 1234
0 0 0 0 0 0 0 0 0 0 0 0 0 0 0 0 0 0 0 0 0 0 0 0 0 0 0 0 0 0 0 0 0 0 0 0 0 0 0 0 0 0 0 0 0 0 0 0 0 0 0 0 0 0 0 0 0 0 0 0 0 0 0 0
0 0 0 0 0 0 0 0 0 0 0 0 0 0 0 0 0 0 0 0 0 0 0 0 0 0 0 0 0 0 0 0 0 0 0 0 0 0 0 0 0 0 0 0 0 0 0 0 0 0 0 0 0 0 0 0 0 0 0 0 0 0 0 0
0 0 0 0 0 0 0 0 0 0 0 0 0 0 0 0 0 0 0 0 0 0 0 0 0 0 0 0 0 0 0 0 0 0 0 0 0 0 0 0 0 0 0 0 0 0 0 0 0 0 0 0 0 0 0 0 0 0 0 0 0 0 0 0
0 0 0 0 0 0 0 0 0 0 0 0 0 0 0 0 0 0 0 0 0 0 0 0 0 0 0 0 0 0 0 0 0 0 0 0 0 0 0 0 0 0 0 0 0 0 0 0 0 0 0 0 0 0 0 0 0 0 0 0 0 0 0 0
41 1 3 102 1 0 37 143 262 67 27 8 0 59 63 97 50 22 12 13 18 7 81 46 20 6 8 510 245 287 127 40 19 57 7 56 56 109 25 16 54 128 98 34 232 205 38 20 404 327 147 55 126 63 64 97 25 173 29 51 54 85 2 33
75 6 9 152 6 3 63 210 439 126 35 16 2 87 124 233 98 34 10 60 40 38 193 157 31 11 15 907 448 449 222 39 29 104 36 179 204 397 89 68 151 212 198 126 720 331 89 51 639 539 273 117 215 104 135 189 79 293 105 147 311 290 43 163
81 24 11 276 8 3 53 190 690 267 73 20 2 103 131 311 155 100 32 87 70 51 240 219 26 12 12 1142 611 578 239 39 32 146 54 220 305 586 98 108 169 295 242 192 1010 427 92 72 911 678 362 149 233 142 190 239 161 396 111 235 434 362 76 252
189 31 11 700 27 3 64 376 1612 654 203 27 15 412 709 965 290 195 55 314 332 228 152 704 58 21 18 2142 1173 1552 361 67 56 258 68 915 1259 1438 164 396 209 507 587 410 1888 618 113 494 1272 1043 552 235 553 297 412 659 282 714 410 1238 1272 1301 209 1691
205 31 11 842 28 3 83 790 1837 657 203 27 13 270 781 1417 297 195 55 338 383 237 614 1252 70 21 20 2324 1361 1614 356 86 57 395 73 1107 1600 1533 164 622 212 634 988 453 2146 645 110 560 1413 1167 1046 265 629 408 548 671 336 867 707 2049 1640 1962 270 2232
195 31 11 798 28 3 71 713 1767 657 203 27 6 263 715 1340 291 195 55 327 379 206 594 1145 65 20 17 2284 1328 1522 329 79 57 392 69 1041 1518 1510 156 481 211 604 880 437 1963 605 106 406 1365 1050 912 251 566 377 445 615 318 831 565 1828 1459 1831 233 1912
151 31 11 693 28 3 64 473 1408 647 193 27 2 204 609 1133 280 191 55 307 312 154 558 877 49 20 14 2055 1187 1346 292 63 56 318 55 836 1279 1403 139 320 195 501 689 399 1792 556 96 237 1192 965 609 195 451 299 361 498 274 601 443 1149 1083 1463 195 1617
134 27 11 530 28 3 50 379 1246 619 124 27 2 96 546 790 244 191 55 263 153 86 494 552 42 17 11 1834 1051 1085 283 56 47 240 62 615 1032 1327 137 259 185 343 476 361 1603 510 96 185 1088 860 409 190 339 258 313 391 205 561 370 1038 977 1194 170 1370
0 0 0 0 0 0 0 0 0 0 0 0 0 0 0 0 0 0 0 0 0 0 0 0 0 0 0 0 0 0 0 0 0 0 0 0 0 0 0 0 0 0 0 0 0 0 0 0 0 0 0 0 0 0 0 0 0 0 0 0 0 0 0 0
0 0 0 0 0 0 0 0 0 0 0 0 0 0 0 0 0 0 0 0 0 0 0 0 0 0 0 0 0 0 0 0 0 0 0 0 0 0 0 0 0 0 0 0 0 0 0 0 0 0 0 0 0 0 0 0 0 0 0 0 0 0 0 0
0 0 0 0 0 0 0 0 0 0 0 0 0 0 0 0 0 0 0 0 0 0 0 0 0 0 0 0 0 0 0 0 0 0 0 0 0 0 0 0 0 0 0 0 0 0 0 0 0 0 0 0 0 0 0 0 0 0 0 0 0 0 0 0
0 0 0 0 0 0 0 0 0 0 0 0 0 0 0 0 0 0 0 0 0 0 0 0 0 0 0 0 0 0 0 0 0 0 0 0 0 0 0 0 0 0 0 0 0 0 0 0 0 0 0 0 0 0 0 0 0 0 0 0 0 0 0 0
73 31 9 400 17 0 16 267 592 392 148 23 0 199 350 558 157 122 40 88 149 65 341 427 39 12 8 1047 733 670 226 44 39 140 12 377 497 957 112 157 98 239 176 169 934 293 82 92 630 501 202 107 134 175 208 295 123 266 186 457 575 654 136 818
107 31 11 526 25 2 56 311 1144 559 187 27 0 251 458 918 257 180 55 261 274 141 499 652 55 16 18 1672 1131 1149 287 41 47 245 58 615 909 1241 115 174 184 437 394 320 1449 426 97 175 1065 816 453 185 293 265 323 375 167 484 288 836 624 648 107 704
112 31 11 588 28 3 61 403 1300 620 185 27 0 247 549 946 284 188 55 208 238 127 512 728 54 17 17 1726 956 1016 289 53 56 253 62 719 854 1360 138 229 177 434 411 338 1432 493 99 197 1117 825 431 186 333 297 345 442 236 535 340 901 966 1130 205 1402
137 31 11 687 28 3 57 501 1659 646 195 27 0 321 678 1171 296 193 57 292 345 176 579 974 62 21 17 2217 1170 1234 298 61 57 282 68 933 1194 1474 151 326 199 499 583 403 1775 557 99 250 1248 970 621 211 425 335 418 551 288 680 537 1512 1267 1569 222 1718
187 31 11 837 28 2 57 731 1728 655 203 27 10 789 781 1406 295 195 55 337 392 266 621 1235 65 21 15 2295 1343 1498 328 69 57 329 71 1075 1523 1526 153 487 208 578 879 446 2095 596 109 484 1373 1137 1071 268 575 405 483 708 321 847 698 2070 1591 1894 244 2035
151 31 11 846 28 3 69 783 1862 657 201 27 10 880 764 1409 297 195 57 337 399 297 620 1201 70 21 18 2333 1350 1520 327 74 57 343 71 1047 1552 1532 157 473 211 572 899 419 2037 607 103 507 1380 1146 1065 272 577 406 475 712 330 875 738 2072 1619 1934 254 2155
141 31 11 758 28 3 56 551 1675 649 203 27 4 666 698 1255 296 194 55 320 385 193 595 1033 70 18 13 2237 1263 1368 310 71 57 292 71 959 1304 1497 158 399 209 519 718 406 1918 581 100 327 1295 999 908 230 492 355 454 617 328 792 642 1793 1360 1664 227 1994
119 31 11 653 27 3 48 444 1441 618 200 27 0 555 636 1113 290 190 49 154 250 130 568 845 65 17 11 1851 1009 1054 290 54 53 271 69 759 840 1251 116 188 203 426 546 382 1370 496 95 248 1026 657 590 200 387 331 411 585 302 391 470 1279 1105 1452 178 1757
0 0 0 0 0 0 0 0 0 0 0 0 0 0 0 0 0 0 0 0 0 0 0 0 0 0 0 0 0 0 0 0 0 0 0 0 0 0 0 0 0 0 0 0 0 0 0 0 0 0 0 0 0 0 0 0 0 0 0 0 0 0 0 0
0 0 0 0 0 0 0 0 0 0 0 0 0 0 0 0 0 0 0 0 0 0 0 0 0 0 0 0 0 0 0 0 0 0 0 0 0 0 0 0 0 0 0 0 0 0 0 0 0 0 0 0 0 0 0 0 0 0 0 0 0 0 0 0
0 0 0 0 0 0 0 0 0 0 0 0 0 0 0 0 0 0 0 0 0 0 0 0 0 0 0 0 0 0 0 0 0 0 0 0 0 0 0 0 0 0 0 0 0 0 0 0 0 0 0 0 0 0 0 0 0 0 0 0 0 0 0 0
0 0 0 0 0 0 0 0 0 0 0 0 0 0 0 0 0 0 0 0 0 0 0 0 0 0 0 0 0 0 0 0 0 0 0 0 0 0 0 0 0 0 0 0 0 0 0 0 0 0 0 0 0 0 0 0 0 0 0 0 0 0 0 0
4 4 3 143 5 0 2 81 295 174 78 12 0 112 175 315 68 45 11 41 42 31 87 160 24 3 3 494 254 261 53 29 4 22 8 138 99 361 22 43 46 127 87 31 267 168 20 44 105 129 110 58 68 90 72 167 15 73 98 318 159 297 71 275
52 20 5 296 21 3 38 296 718 304 86 15 2 324 287 499 135 72 47 109 114 67 268 366 24 11 11 1248 615 624 210 42 40 143 20 456 399 622 79 168 114 242 223 235 841 311 71 140 780 612 277 124 247 206 240 390 166 530 276 601 628 761 136 900
87 23 9 428 28 0 14 118 1203 582 150 27 0 439 155 124 267 167 57 178 146 51 39 17 47 17 13 1472 178 86 5 5 48 235 24 235 15 4 2 111 143 308 210 185 193 1 37 129 922 575 403 150 93 33 228 331 206 556 401 601 192 401 43 464
133 31 11 703 28 2 48 512 1450 622 195 27 0 759 589 1117 290 193 57 305 222 191 522 953 60 20 15 2280 1065 1223 310 65 57 278 66 868 1182 1481 150 332 188 468 614 402 1611 565 102 263 1236 928 805 229 448 364 442 620 267 761 585 1736 1351 1644 223 1788
208 31 11 838 28 3 81 990 1902 655 199 27 12 997 790 1448 297 195 57 337 388 329 621 1263 67 21 15 2320 1352 1548 337 79 57 378 73 1111 1510 1543 160 502 210 584 989 454 2185 655 107 449 1380 1133 1364 291 656 445 537 757 325 876 785 2319 1647 2013 278 2368
199 31 11 799 28 3 64 873 1917 652 203 27 12 923 738 1387 297 195 55 337 412 219 617 1144 68 21 15 2252 1330 1510 329 65 57 360 73 1050 1452 1537 161 494 205 554 851 414 2038 615 106 385 1333 1101 1205 278 563 401 483 726 319 865 697 2185 1607 1981 247 2186
135 31 11 744 28 3 59 680 1675 640 201 27 2 874 713 1241 294 194 55 336 380 215 583 1044 61 21 15 2264 1054 1344 306 77 54 302 70 926 1275 1460 157 390 204 465 654 406 1758 597 110 326 1239 907 927 255 517 371 455 673 317 832 639 1983 1393 1790 230 2019
126 31 11 761 28 3 56 652 1620 631 203 27 2 854 682 1187 292 193 55 333 403 203 583 951 58 19 13 2273 1152 1254 297 64 57 287 68 918 1232 1503 164 336 199 483 607 402 1755 569 106 269 1258 941 1013 237 497 373 432 629 311 782 631 1931 1307 1656 235 1947
0 0 0 0 0 0 0 0 0 0 0 0 0 0 0 0 0 0 0 0 0 0 0 0 0 0 0 0 0 0 0 0 0 0 0 0 0 0 0 0 0 0 0 0 0 0 0 0 0 0 0 0 0 0 0 0 0 0 0 0 0 0 0 0
0 0 0 0 0 0 0 0 0 0 0 0 0 0 0 0 0 0 0 0 0 0 0 0 0 0 0 0 0 0 0 0 0 0 0 0 0 0 0 0 0 0 0 0 0 0 0 0 0 0 0 0 0 0 0 0 0 0 0 0 0 0 0 0
0 0 0 0 0 0 0 0 0 0 0 0 0 0 0 0 0 0 0 0 0 0 0 0 0 0 0 0 0 0 0 0 0 0 0 0 0 0 0 0 0 0 0 0 0 0 0 0 0 0 0 0 0 0 0 0 0 0 0 0 0 0 0 0
0 0 0 0 0 0 0 0 0 0 0 0 0 0 0 0 0 0 0 0 0 0 0 0 0 0 0 0 0 0 0 0 0 0 0 0 0 0 0 0 0 0 0 0 0 0 0 0 0 0 0 0 0 0 0 0 0 0 0 0 0 0 0 0
60 26 5 335 18 0 1 311 776 575 169 21 0 168 26 590 171 162 52 269 345 110 162 380 6 9 5 1899 770 614 152 20 17 149 56 338 884 843 73 114 78 282 356 223 1041 509 59 135 960 679 510 141 349 153 138 62 209 247 489 1135 553 543 44 226
79 31 2 147 13 0 29 339 1225 444 111 10 0 219 284 610 227 179 2 64 54 85 77 148 26 8 4 799 372 693 236 16 46 149 60 266 185 1267 129 34 141 189 126 155 396 331 34 11 418 608 558 170 284 173 140 12 149 660 531 1634 359 247 56 823
120 31 11 695 28 3 69 572 1617 632 202 27 0 794 666 1151 233 190 55 325 400 155 571 908 59 18 15 2257 1052 1216 299 66 57 270 71 857 1184 1465 153 302 185 450 469 374 1752 536 98 265 1143 737 680 188 411 345 411 576 308 665 551 1590 1105 1453 210 1616
182 31 11 860 28 3 79 1057 1909 657 203 27 9 1014 748 1385 297 189 57 311 428 329 624 1268 70 21 17 2303 1142 1457 320 81 57 335 70 1103 1495 1543 164 433 216 566 748 411 2086 626 117 495 1349 1091 1346 295 764 445 534 751 344 884 782 2241 1583 1919 283 2120
160 19 11 680 22 3 90 1054 1801 555 203 27 18 1043 786 1429 297 181 57 334 424 377 622 1283 72 21 20 2336 1348 1596 354 90 57 391 73 1150 1601 1548 164 601 219 636 916 452 2219 666 117 574 1457 1241 1551 322 779 487 551 780 344 922 929 2412 1706 2001 302 2535
174 19 11 760 22 3 85 1172 1892 631 202 27 17 1016 784 1425 296 190 57 334 428 339 617 1282 72 21 20 2332 1348 1590 347 85 57 396 73 1137 1603 1550 164 602 216 641 979 437 2245 663 117 627 1395 1185 1544 304 783 462 584 779 344 932 920 2535 1760 2019 299 2578
146 25 11 753 22 2 55 970 1870 630 202 25 2 932 719 1347 292 194 55 310 428 248 591 1240 72 21 13 2310 1314 1548 336 88 57 366 70 1047 1493 1543 164 529 212 541 889 432 2272 590 117 506 1345 1012 1478 302 691 444 575 748 342 826 711 2186 1580 2009 271 2384
119 20 0 152 9 3 99 719 789 269 90 7 7 990 728 1292 101 0 27 127 323 255 525 885 53 19 19 188 380 725 280 75 35 289 30 533 1120 1346 120 301 153 470 1086 357 1953 692 99 283 770 1009 1491 290 889 454 558 763 270 445 712 2294 1194 1391 209 2082
0 0 0 0 0 0 0 0 0 0 0 0 0 0 0 0 0 0 0 0 0 0 0 0 0 0 0 0 0 0 0 0 0 0 0 0 0 0 0 0 0 0 0 0 0 0 0 0 0 0 0 0 0 0 0 0 0 0 0 0 0 0 0 0
0 0 0 0 0 0 0 0 0 0 0 0 0 0 0 0 0 0 0 0 0 0 0 0 0 0 0 0 0 0 0 0 0 0 0 0 0 0 0 0 0 0 0 0 0 0 0 0 0 0 0 0 0 0 0 0 0 0 0 0 0 0 0 0
0 0 0 0 0 0 0 0 0 0 0 0 0 0 0 0 0 0 0 0 0 0 0 0 0 0 0 0 0 0 0 0 0 0 0 0 0 0 0 0 0 0 0 0 0 0 0 0 0 0 0 0 0 0 0 0 0 0 0 0 0 0 0 0
0 0 0 0 0 0 0 0 0 0 0 0 0 0 0 0 0 0 0 0 0 0 0 0 0 0 0 0 0 0 0 0 0 0 0 0 0 0 0 0 0 0 0 0 0 0 0 0 0 0 0 0 0 0 0 0 0 0 0 0 0 0 0 0
9 18 1 105 2 0 3 75 444 184 2 0 0 62 63 249 58 34 0 41 88 34 39 258 7 0 4 277 103 131 90 38 1 68 38 61 124 124 8 61 19 60 14 60 148 117 2 83 232 37 199 6 35 37 88 4 42 37 113 182 124 78 16 40
142 31 11 673 28 3 72 966 1853 618 202 27 2 968 717 1322 294 193 55 315 419 270 588 1225 71 21 17 2297 1125 1411 326 75 57 347 73 1041 1447 1544 164 476 212 542 639 425 2159 623 113 491 1350 1029 1498 287 685 414 605 760 342 896 801 2296 1641 2012 272 2319
111 19 10 503 25 3 68 849 1581 500 194 24 4 895 599 1102 291 158 55 228 395 231 476 976 66 21 17 2104 996 1287 310 71 55 305 70 871 1124 1466 158 388 201 488 583 395 1951 580 99 363 1211 915 1310 249 575 363 518 722 337 856 725 2131 1440 1542 259 2112
141 19 11 702 28 3 70 1035 1824 612 202 23 11 1001 750 1305 296 192 57 323 362 336 585 1225 67 21 18 2316 1317 1513 334 88 57 371 73 1101 1479 1541 158 600 220 577 892 450 2185 655 117 608 1375 1129 1705 295 734 475 586 773 344 913 858 2413 1706 1989 287 2341
165 22 11 801 28 3 92 1108 1923 626 202 27 9 1205 765 1432 297 195 57 334 389 453 625 1306 72 21 20 2288 1342 1607 347 87 57 409 73 1179 1661 1542 164 676 217 659 1023 454 2315 664 117 779 1443 1201 1784 315 779 506 639 843 344 920 951 2574 1788 2032 368 2444
189 30 11 835 28 3 121 1107 1946 636 203 27 7 1235 778 1436 297 195 57 328 427 467 625 1330 72 21 19 2292 1351 1630 357 84 57 410 73 1186 1679 1545 164 737 217 696 1040 460 2299 681 113 941 1479 1249 1823 325 829 500 645 844 344 941 976 2587 1779 2035 365 2533
137 31 11 765 25 3 118 1051 1876 628 199 27 10 1175 756 1434 296 176 57 321 428 430 614 1279 72 21 17 2294 1327 1529 332 81 55 407 71 1133 1585 1545 164 654 218 654 895 430 2123 639 112 815 1340 1131 1796 328 746 444 645 833 332 888 897 2413 1661 1922 339 2517
172 31 11 718 28 3 104 1027 1936 651 202 27 2 1205 766 1404 297 195 55 321 428 402 620 1288 72 21 17 2299 1267 1574 344 84 57 405 73 1157 1563 1545 164 666 211 639 888 452 2268 663 117 828 1434 1172 1824 310 757 454 635 817 344 944 922 2543 1740 2026 317 2519
0 0 0 0 0 0 0 0 0 0 0 0 0 0 0 0 0 0 0 0 0 0 0 0 0 0 0 0 0 0 0 0 0 0 0 0 0 0 0 0 0 0 0 0 0 0 0 0 0 0 0 0 0 0 0 0 0 0 0 0 0 0 0 0
0 0 0 0 0 0 0 0 0 0 0 0 0 0 0 0 0 0 0 0 0 0 0 0 0 0 0 0 0 0 0 0 0 0 0 0 0 0 0 0 0 0 0 0 0 0 0 0 0 0 0 0 0 0 0 0 0 0 0 0 0 0 0 0
0 0 0 0 0 0 0 0 0 0 0 0 0 0 0 0 0 0 0 0 0 0 0 0 0 0 0 0 0 0 0 0 0 0 0 0 0 0 0 0 0 0 0 0 0 0 0 0 0 0 0 0 0 0 0 0 0 0 0 0 0 0 0 0
0 0 0 0 0 0 0 0 0 0 0 0 0 0 0 0 0 0 0 0 0 0 0 0 0 0 0 0 0 0 0 0 0 0 0 0 0 0 0 0 0 0 0 0 0 0 0 0 0 0 0 0 0 0 0 0 0 0 0 0 0 0 0 0
106 31 9 447 21 0 20 518 1196 360 107 19 0 563 479 784 217 143 35 116 307 154 334 609 40 18 6 1342 634 949 242 62 33 116 19 528 751 1223 94 291 80 136 236 246 1466 431 65 306 710 484 893 123 380 204 369 467 136 271 559 1493 1011 1084 193 1899
116 31 11 617 24 3 60 957 1325 531 190 24 0 951 671 1135 271 152 55 219 401 255 574 944 65 21 13 2116 1008 1329 323 76 47 279 68 924 1255 1436 163 504 159 487 627 404 2057 583 100 572 1259 980 1545 235 651 384 589 775 318 858 771 2177 1435 1918 304 2335
144 31 11 684 27 3 70 950 1651 595 181 27 2 1017 749 1357 281 181 55 282 409 300 510 1076 47 21 17 2185 1067 1496 461 74 54 301 68 935 1356 1515 164 536 168 460 553 391 2182 613 109 556 1280 894 1594 252 662 380 558 783 327 872 805 2285 1465 1901 308 2420
214 29 11 781 28 3 83 1118 1866 625 203 27 6 1199 751 1410 297 172 57 322 428 454 565 1272 71 21 18 2229 1272 1472 406 75 57 385 71 1094 1258 1404 162 675 231 666 910 468 2172 656 117 882 1344 1222 1756 320 918 445 627 809 343 925 917 2517 1720 2013 332 2448
195 30 11 825 28 3 104 1151 1947 656 203 27 8 1301 775 1466 297 189 57 336 428 480 599 1334 72 21 20 2336 1357 1633 465 90 57 394 73 1229 1679 1545 164 750 239 706 1064 472 2296 681 117 903 1475 1298 1818 325 940 463 645 837 344 945 940 2596 1845 2034 390 2549
214 31 11 851 28 3 105 1182 1946 641 203 27 7 1315 801 1594 297 195 55 339 428 481 623 1336 72 21 20 2315 1351 1612 423 87 57 410 71 1233 1709 1545 164 792 235 715 1131 467 2269 685 117 1027 1485 1295 1826 329 969 470 645 843 344 958 958 2603 1851 2035 390 2545
212 31 11 813 28 3 107 1148 1899 639 203 27 6 1301 792 1574 297 195 55 336 428 457 616 1308 72 21 17 2346 1354 1605 370 84 57 404 71 1199 1691 1545 164 753 232 700 1015 436 2224 674 108 1007 1461 1299 1806 323 922 460 641 826 344 948 937 2529 1769 2024 368 2524
208 31 11 810 28 3 105 1109 1881 636 203 27 4 1284 770 1534 297 194 55 330 428 446 610 1257 72 21 19 2339 1325 1582 377 86 57 401 71 1170 1659 1541 164 732 228 675 945 446 2213 683 107 937 1452 1254 1777 313 904 463 633 820 344 936 913 2484 1728 2015 357 2513
0 0 0 0 0 0 0 0 0 0 0 0 0 0 0 0 0 0 0 0 0 0 0 0 0 0 0 0 0 0 0 0 0 0 0 0 0 0 0 0 0 0 0 0 0 0 0 0 0 0 0 0 0 0 0 0 0 0 0 0 0 0 0 0
0 0 0 0 0 0 0 0 0 0 0 0 0 0 0 0 0 0 0 0 0 0 0 0 0 0 0 0 0 0 0 0 0 0 0 0 0 0 0 0 0 0 0 0 0 0 0 0 0 0 0 0 0 0 0 0 0 0 0 0 0 0 0 0
0 0 0 0 0 0 0 0 0 0 0 0 0 0 0 0 0 0 0 0 0 0 0 0 0 0 0 0 0 0 0 0 0 0 0 0 0 0 0 0 0 0 0 0 0 0 0 0 0 0 0 0 0 0 0 0 0 0 0 0 0 0 0 0
0 0 0 0 0 0 0 0 0 0 0 0 0 0 0 0 0 0 0 0 0 0 0 0 0 0 0 0 0 0 0 0 0 0 0 0 0 0 0 0 0 0 0 0 0 0 0 0 0 0 0 0 0 0 0 0 0 0 0 0 0 0 0 0
64 31 5 556 27 0 5 408 955 421 146 21 0 780 519 762 174 94 6 158 387 142 274 502 26 15 2 1388 658 894 229 57 45 226 66 422 794 1189 105 212 102 241 288 258 1352 430 69 234 667 509 750 172 285 176 467 493 215 383 377 1486 936 1079 171 1647
148 31 11 728 28 3 62 959 1843 641 203 27 0 971 683 1161 296 193 55 307 423 274 522 999 71 21 15 2290 1165 1449 333 72 57 357 71 1015 1475 1535 163 544 212 552 743 417 2149 645 102 676 1352 1086 1720 299 792 415 612 805 341 887 811 2408 1639 1992 339 2439
132 31 11 686 28 3 68 930 1799 612 197 27 2 969 699 940 291 180 55 282 415 242 394 867 67 20 18 2153 1084 1316 379 57 57 287 67 912 1233 1441 140 504 193 527 593 388 1952 580 66 581 997 714 1365 258 628 329 478 670 182 785 661 1933 1322 1431 274 1798
157 31 11 794 28 3 72 1096 1883 597 203 27 9 1124 598 1172 293 194 57 304 389 359 593 1145 69 21 20 2231 1133 1461 390 89 57 392 73 1118 1487 1150 161 627 231 671 991 464 2147 637 109 778 1425 1251 1753 310 902 492 636 817 319 922 896 2497 1799 2034 384 2366
214 31 11 842 28 3 76 1198 1813 652 203 27 10 1232 568 1261 268 195 57 337 407 397 608 1200 72 21 20 2342 1308 1544 360 89 57 402 73 1205 1668 1293 160 672 220 713 1112 467 2200 690 109 816 1463 1278 1796 325 914 487 639 836 343 917 906 2552 1859 2035 429 2507
211 31 11 825 28 3 73 1175 1926 656 203 27 5 1207 599 1349 267 195 55 332 423 381 600 1231 71 21 17 2334 1346 1616 360 87 57 401 73 1212 1691 1478 164 677 232 730 1155 463 2239 673 109 859 1468 1298 1815 331 940 472 641 838 344 930 937 2557 1827 2035 435 2536
209 31 11 851 28 3 79 1182 1900 644 203 27 6 1238 493 1271 280 195 55 327 399 442 603 1178 72 21 17 2332 1324 1558 361 86 57 401 73 1164 1671 1361 164 665 218 729 1098 451 2223 653 109 905 1462 1279 1800 330 933 474 640 830 344 939 918 2512 1815 2031 433 2548
195 29 11 778 28 3 67 1096 1867 640 203 27 2 1184 453 1207 287 194 55 320 392 373 584 1066 72 21 15 2310 1265 1430 338 81 57 395 73 1117 1621 1285 164 620 214 711 986 453 2204 636 105 848 1439 1200 1763 313 905 449 620 819 344 922 878 2450 1792 2030 425 2537
0 0 0 0 0 0 0 0 0 0 0 0 0 0 0 0 0 0 0 0 0 0 0 0 0 0 0 0 0 0 0 0 0 0 0 0 0 0 0 0 0 0 0 0 0 0 0 0 0 0 0 0 0 0 0 0 0 0 0 0 0 0 0 0
0 0 0 0 0 0 0 0 0 0 0 0 0 0 0 0 0 0 0 0 0 0 0 0 0 0 0 0 0 0 0 0 0 0 0 0 0 0 0 0 0 0 0 0 0 0 0 0 0 0 0 0 0 0 0 0 0 0 0 0 0 0 0 0
0 0 0 0 0 0 0 0 0 0 0 0 0 0 0 0 0 0 0 0 0 0 0 0 0 0 0 0 0 0 0 0 0 0 0 0 0 0 0 0 0 0 0 0 0 0 0 0 0 0 0 0 0 0 0 0 0 0 0 0 0 0 0 0
0 0 0 0 0 0 0 0 0 0 0 0 0 0 0 0 0 0 0 0 0 0 0 0 0 0 0 0 0 0 0 0 0 0 0 0 0 0 0 0 0 0 0 0 0 0 0 0 0 0 0 0 0 0 0 0 0 0 0 0 0 0 0 0
25 31 0 2 0 0 0 18 210 57 1 0 0 5 2 10 3 3 1 0 0 1 8 5 0 0 1 5 0 6 0 0 5 19 0 1 1 0 0 0 10 12 27 1 3 0 0 0 118 19 1 1 4 10 13 20 7 16 42 72 88 46 1 119
144 31 10 646 22 3 50 785 1766 614 192 27 0 879 335 682 284 174 55 219 330 181 417 635 71 21 13 2115 881 874 263 66 57 345 68 956 1066 831 106 425 204 564 739 394 2036 507 89 488 1335 1063 1619 265 730 383 537 765 330 892 741 2257 1607 1930 364 2194
165 31 11 806 28 3 66 1036 1901 647 203 27 7 970 449 1085 297 195 57 316 410 281 582 1079 72 21 17 2309 1160 1326 313 81 57 375 71 1075 1440 1276 162 553 226 630 865 447 2198 636 107 652 1399 1168 1757 305 871 449 585 815 344 912 855 2417 1744 2025 383 2524
214 31 11 844 28 3 74 1120 1944 657 203 27 19 1068 568 1432 297 195 57 333 425 378 621 1298 72 21 20 2350 1353 1581 372 90 57 394 70 1199 1645 1513 164 722 224 728 1069 471 2312 668 109 905 1478 1299 1825 331 980 479 645 836 344 957 976 2645 1857 2035 414 2583
214 31 11 852 28 3 99 1164 1955 657 203 27 18 1113 756 1474 297 195 55 339 428 373 623 1331 72 21 20 2352 1365 1602 384 89 57 412 75 1238 1683 1538 164 732 228 747 1119 475 2317 662 113 998 1487 1330 1829 336 992 516 645 844 344 963 981 2705 1925 2035 432 2628
214 31 11 858 28 3 98 1184 1944 657 203 27 13 1117 787 1586 297 195 57 336 428 377 623 1346 72 21 20 2351 1365 1618 383 90 57 414 75 1239 1690 1545 164 792 238 770 1231 475 2320 669 115 1064 1504 1351 1829 341 1002 523 645 844 344 970 998 2708 1932 2035 431 2629
214 31 11 845 28 3 88 1153 1908 657 203 27 5 1094 774 1580 297 195 55 330 428 364 621 1323 72 21 17 2338 1351 1604 369 86 57 414 75 1220 1686 1539 164 765 236 756 1223 473 2320 673 113 1004 1500 1351 1829 339 1002 498 624 844 344 959 998 2660 1883 2035 409 2629
214 31 11 834 28 3 80 1092 1898 657 203 27 8 1063 755 1548 297 195 55 316 428 331 614 1290 72 21 17 2325 1330 1567 356 85 57 413 73 1195 1667 1539 164 749 218 754 1166 472 2320 649 110 948 1490 1308 1829 338 992 482 604 844 344 943 987 2628 1870 2035 400 2629
0 0 0 0 0 0 0 0 0 0 0 0 0 0 0 0 0 0 0 0 0 0 0 0 0 0 0 0 0 0 0 0 0 0 0 0 0 0 0 0 0 0 0 0 0 0 0 0 0 0 0 0 0 0 0 0 0 0 0 0 0 0 0 0
0 0 0 0 0 0 0 0 0 0 0 0 0 0 0 0 0 0 0 0 0 0 0 0 0 0 0 0 0 0 0 0 0 0 0 0 0 0 0 0 0 0 0 0 0 0 0 0 0 0 0 0 0 0 0 0 0 0 0 0 0 0 0 0
0 0 0 0 0 0 0 0 0 0 0 0 0 0 0 0 0 0 0 0 0 0 0 0 0 0 0 0 0 0 0 0 0 0 0 0 0 0 0 0 0 0 0 0 0 0 0 0 0 0 0 0 0 0 0 0 0 0 0 0 0 0 0 0
0 0 0 0 0 0 0 0 0 0 0 0 0 0 0 0 0 0 0 0 0 0 0 0 0 0 0 0 0 0 0 0 0 0 0 0 0 0 0 0 0 0 0 0 0 0 0 0 0 0 0 0 0 0 0 0 0 0 0 0 0 0 0 0
2 9 1 23 10 0 1 23 154 24 8 1 0 30 12 56 24 7 2 3 4 9 1 10 7 0 5 134 81 79 43 9 8 12 8 25 42 28 2 0 33 33 5 16 21 12 1 3 43 53 11 14 5 2 7 0 4 5 4 13 24 6 0 0
108 31 10 489 19 3 41 796 1297 479 197 22 2 948 489 968 258 144 44 132 346 223 485 885 67 18 12 1744 851 1042 254 71 45 299 33 869 960 1016 90 489 145 471 732 330 1365 448 86 546 1005 865 1179 213 503 355 430 709 162 733 626 1755 1258 1380 295 1573
144 31 10 538 20 3 41 833 1260 549 196 23 2 863 323 742 188 154 49 131 285 169 426 777 70 19 16 2050 715 821 237 70 54 316 39 822 835 867 106 451 171 572 856 366 1307 366 68 463 1248 973 1383 227 564 382 403 696 255 883 811 2061 1104 1358 247 1382
207 31 10 702 22 3 76 1040 1693 633 202 26 8 1006 384 1065 279 194 57 225 331 297 478 1087 71 21 19 2164 1076 1390 308 89 49 382 47 1098 1286 870 113 656 184 681 1025 371 1414 402 99 775 1312 1231 1530 273 719 424 476 758 309 897 919 2490 1545 1776 294 1813
214 31 11 863 28 3 97 1245 1960 657 203 27 16 1168 742 1479 297 195 57 339 417 415 619 1350 72 21 20 2327 1367 1636 432 90 57 411 75 1252 1693 1509 164 780 241 765 1260 469 2289 659 113 960 1552 1478 1829 356 992 530 635 844 344 972 1012 2715 1857 2002 395 2478
214 31 11 859 28 3 100 1261 1960 657 203 27 14 1166 778 1503 297 195 57 333 428 414 623 1349 72 21 20 2345 1367 1634 431 90 57 403 75 1252 1699 1540 164 767 241 763 1294 475 2300 679 111 955 1552 1480 1829 356 1002 530 635 844 344 971 1018 2715 1874 2030 401 2591
214 31 11 814 28 3 83 1175 1886 657 203 27 4 1024 637 1435 297 195 55 262 403 330 613 1323 72 21 17 2341 1361 1590 376 86 57 390 75 1195 1652 1500 164 688 222 726 1197 467 2157 626 109 831 1511 1315 1824 315 884 477 621 822 344 951 942 2593 1832 1995 376 2560
143 31 11 821 28 3 57 1028 1679 596 194 27 0 949 589 1381 252 180 45 245 402 246 599 1199 57 20 9 2265 1291 1427 321 75 52 328 68 1078 1550 1473 164 582 168 583 849 434 2146 624 106 704 1287 1069 1588 295 816 451 586 809 335 776 787 2229 1724 1999 357 2507
0 0 0 0 0 0 0 0 0 0 0 0 0 0 0 0 0 0 0 0 0 0 0 0 0 0 0 0 0 0 0 0 0 0 0 0 0 0 0 0 0 0 0 0 0 0 0 0 0 0 0 0 0 0 0 0 0 0 0 0 0 0 0 0
0 0 0 0 0 0 0 0 0 0 0 0 0 0 0 0 0 0 0 0 0 0 0 0 0 0 0 0 0 0 0 0 0 0 0 0 0 0 0 0 0 0 0 0 0 0 0 0 0 0 0 0 0 0 0 0 0 0 0 0 0 0 0 0
0 0 0 0 0 0 0 0 0 0 0 0 0 0 0 0 0 0 0 0 0 0 0 0 0 0 0 0 0 0 0 0 0 0 0 0 0 0 0 0 0 0 0 0 0 0 0 0 0 0 0 0 0 0 0 0 0 0 0 0 0 0 0 0
0 0 0 0 0 0 0 0 0 0 0 0 0 0 0 0 0 0 0 0 0 0 0 0 0 0 0 0 0 0 0 0 0 0 0 0 0 0 0 0 0 0 0 0 0 0 0 0 0 0 0 0 0 0 0 0 0 0 0 0 0 0 0 0
126 31 8 460 18 0 13 342 1468 574 136 21 0 594 308 474 258 164 32 92 278 38 254 293 57 17 8 1434 454 615 196 30 51 238 10 546 591 864 72 192 81 235 358 231 1512 393 65 82 835 394 882 110 172 170 253 327 63 202 402 1753 844 1000 182 1774
141 31 11 445 18 2 25 454 1367 486 139 17 0 513 407 627 250 156 55 131 232 101 335 512 68 21 11 1701 844 853 140 56 57 365 57 769 1093 1041 135 324 204 564 766 401 1953 519 61 298 1364 1160 1785 304 733 419 470 636 316 862 829 2462 1686 1947 306 2435
214 31 11 832 28 3 73 1019 1831 655 202 27 4 959 688 1361 294 195 55 304 428 266 589 1169 72 21 18 2321 1288 1461 334 80 57 384 71 1089 1556 1531 164 633 224 687 952 454 2245 631 105 728 1454 1299 1812 320 919 466 598 807 342 922 965 2564 1838 2031 365 2564
214 31 11 850 28 3 64 1098 1951 657 203 27 8 1031 649 1413 297 195 57 318 419 331 602 1297 72 21 20 2352 1351 1514 346 90 57 398 73 1208 1613 1509 164 664 236 738 1086 470 2222 664 107 823 1495 1345 1823 355 952 474 620 828 343 933 983 2608 1833 2016 368 2496
214 31 11 862 28 3 81 1167 1960 657 203 27 15 1069 773 1477 297 195 57 338 428 376 626 1334 72 21 20 2352 1360 1586 373 90 57 408 75 1251 1694 1545 164 728 243 758 1179 475 2278 669 109 855 1505 1418 1829 357 997 492 628 832 344 946 1011 2657 1874 2034 401 2555
214 31 11 865 28 3 71 1176 1959 657 203 27 13 1056 786 1488 297 195 57 339 428 387 626 1340 72 21 20 2352 1358 1608 379 90 57 414 75 1260 1723 1545 164 740 243 764 1210 475 2318 683 109 869 1546 1461 1829 362 1011 492 633 833 344 955 1008 2662 1876 2035 403 2583
214 31 11 864 28 3 66 1174 1897 650 203 27 6 1019 773 1470 295 194 57 338 428 346 618 1311 72 21 17 2142 1323 1591 358 85 55 414 71 1211 1709 1539 164 686 236 744 1076 460 2130 665 107 799 1518 1408 1766 332 946 487 613 831 344 952 982 2635 1860 2001 391 2552
214 31 11 854 28 2 45 1079 1904 657 203 27 2 987 715 1403 297 195 55 319 428 296 610 1242 72 21 17 2332 1337 1503 341 83 57 412 64 1161 1629 1531 164 651 228 719 1103 465 2281 654 107 770 1505 1345 1827 319 948 474 618 826 343 923 944 2591 1826 2020 372 2518
0 0 0 0 0 0 0 0 0 0 0 0 0 0 0 0 0 0 0 0 0 0 0 0 0 0 0 0 0 0 0 0 0 0 0 0 0 0 0 0 0 0 0 0 0 0 0 0 0 0 0 0 0 0 0 0 0 0 0 0 0 0 0 0
0 0 0 0 0 0 0 0 0 0 0 0 0 0 0 0 0 0 0 0 0 0 0 0 0 0 0 0 0 0 0 0 0 0 0 0 0 0 0 0 0 0 0 0 0 0 0 0 0 0 0 0 0 0 0 0 0 0 0 0 0 0 0 0
0 0 0 0 0 0 0 0 0 0 0 0 0 0 0 0 0 0 0 0 0 0 0 0 0 0 0 0 0 0 0 0 0 0 0 0 0 0 0 0 0 0 0 0 0 0 0 0 0 0 0 0 0 0 0 0 0 0 0 0 0 0 0 0
0 0 0 0 0 0 0 0 0 0 0 0 0 0 0 0 0 0 0 0 0 0 0 0 0 0 0 0 0 0 0 0 0 0 0 0 0 0 0 0 0 0 0 0 0 0 0 0 0 0 0 0 0 0 0 0 0 0 0 0 0 0 0 0
0 0 0 6 0 0 0 0 0 0 0 0 0 0 1 6 0 0 0 0 0 2 1 3 0 0 0 2 2 0 5 2 0 0 0 0 0 0 0 0 7 4 0 3 2 3 0 0 1 3 1 0 0 0 4 2 0 0 0 0 2 2 0 0
49 9 6 218 16 0 7 278 464 240 144 20 0 183 132 394 95 83 9 46 38 50 263 305 28 15 9 510 351 312 121 40 27 105 18 370 346 211 19 126 81 245 146 150 284 73 31 131 178 249 155 87 212 170 197 302 60 90 111 313 316 509 86 476
60 30 10 331 25 3 40 414 630 292 188 26 0 200 343 757 118 133 12 86 76 89 439 665 71 17 13 720 517 416 229 55 27 167 20 788 560 286 52 208 133 376 444 282 559 195 50 267 326 443 311 163 371 315 328 427 120 133 182 386 777 760 175 747
70 31 11 596 26 3 69 657 963 433 199 27 2 340 413 1076 141 182 39 151 99 216 549 989 72 17 16 930 564 509 267 67 36 353 33 1055 948 360 88 341 179 531 699 368 1085 322 80 542 630 805 582 213 576 405 525 617 154 332 508 985 1152 1387 283 1376
140 31 11 863 28 3 91 1140 1796 623 203 27 7 871 778 1494 296 195 53 339 379 383 621 1318 72 21 18 1713 1340 1365 342 87 54 401 75 1208 1662 1063 164 660 237 703 1170 460 2151 618 102 816 1065 1314 1052 289 901 489 645 801 312 499 893 2330 1836 1988 400 2339
160 31 11 863 28 3 94 1149 1895 627 203 27 8 926 771 1490 297 195 55 339 419 392 623 1315 72 21 20 2037 1353 1465 372 86 53 403 75 1224 1693 1268 163 693 231 721 1215 460 2241 662 109 823 1221 1403 1115 315 946 506 645 803 313 524 915 2434 1853 2005 399 2525
125 31 11 855 28 3 68 1099 1755 595 203 27 6 816 639 1487 297 195 55 260 343 369 614 1288 72 21 17 1768 1242 1340 356 84 53 399 75 1191 1618 1088 156 616 215 679 1172 454 1996 596 109 824 1147 1331 1023 286 864 475 640 783 305 434 773 2234 1760 1980 389 2180
166 31 10 772 25 3 51 955 1483 597 191 27 0 566 511 1028 268 194 55 183 183 182 488 981 65 21 1 1007 807 1225 314 79 57 405 60 1082 1358 784 149 649 196 453 1030 409 1215 473 93 738 809 1020 895 270 616 461 524 708 276 730 580 1758 1490 1675 369 1680
0 0 0 0 0 0 0 0 0 0 0 0 0 0 0 0 0 0 0 0 0 0 0 0 0 0 0 0 0 0 0 0 0 0 0 0 0 0 0 0 0 0 0 0 0 0 0 0 0 0 0 0 0 0 0 0 0 0 0 0 0 0 0 0
0 0 0 0 0 0 0 0 0 0 0 0 0 0 0 0 0 0 0 0 0 0 0 0 0 0 0 0 0 0 0 0 0 0 0 0 0 0 0 0 0 0 0 0 0 0 0 0 0 0 0 0 0 0 0 0 0 0 0 0 0 0 0 0
0 0 0 0 0 0 0 0 0 0 0 0 0 0 0 0 0 0 0 0 0 0 0 0 0 0 0 0 0 0 0 0 0 0 0 0 0 0 0 0 0 0 0 0 0 0 0 0 0 0 0 0 0 0 0 0 0 0 0 0 0 0 0 0
0 0 0 0 0 0 0 0 0 0 0 0 0 0 0 0 0 0 0 0 0 0 0 0 0 0 0 0 0 0 0 0 0 0 0 0 0 0 0 0 0 0 0 0 0 0 0 0 0 0 0 0 0 0 0 0 0 0 0 0 0 0 0 0
47 19 8 192 19 0 6 166 329 225 152 17 0 101 193 295 74 105 6 34 38 40 170 264 27 17 8 441 317 272 128 25 20 77 16 167 244 231 19 52 80 179 133 106 284 68 33 89 178 235 167 107 131 192 219 279 55 75 123 327 459 746 112 547
58 24 10 437 23 2 25 577 698 330 164 26 0 200 350 966 109 124 46 94 105 104 413 812 71 17 14 745 465 472 216 58 31 219 21 827 644 311 59 197 119 411 579 320 576 169 49 254 368 516 313 161 348 330 431 445 93 134 228 565 945 1240 200 674
60 31 10 585 28 2 42 567 989 426 199 26 4 442 413 973 139 136 56 133 116 138 483 915 71 17 17 903 631 606 235 70 45 321 63 1008 752 395 85 258 168 482 610 365 750 233 70 317 456 659 322 211 425 374 490 519 136 142 258 985 1059 1410 272 1087
118 31 11 846 28 3 64 1055 1659 611 203 27 9 658 587 1447 296 195 57 243 321 258 615 1244 72 21 19 1557 1032 1227 339 80 55 379 73 1184 1488 1077 158 526 216 633 995 432 1813 607 105 671 894 1151 647 277 716 433 624 737 252 349 638 1900 1623 1939 372 2114
140 31 11 854 28 3 59 1087 1818 649 203 27 10 832 633 1466 297 195 55 246 386 305 619 1296 72 21 17 1635 1128 1355 345 87 56 403 75 1228 1639 1172 164 640 216 669 1103 466 2077 645 116 773 1144 1274 812 281 765 463 637 795 282 478 772 2223 1661 1974 400 2141
183 31 11 853 28 3 64 1128 1931 656 203 27 11 883 737 1482 297 195 55 254 372 334 622 1320 72 21 17 1710 1201 1410 333 84 57 411 75 1223 1638 1297 162 646 221 699 1147 468 2001 643 111 779 1116 1316 845 294 783 453 619 797 330 489 855 2203 1722 1948 397 2109
133 31 11 844 28 3 43 992 1668 629 203 27 6 673 574 1385 295 195 55 225 260 249 563 1225 72 21 15 1641 1026 1176 322 76 53 393 71 1150 1515 1054 155 515 205 600 1043 436 1557 538 100 676 980 1164 687 252 658 417 611 747 233 330 632 1852 1594 1843 362 1970
104 31 11 793 28 2 36 864 1551 592 202 27 2 457 502 1244 295 195 50 214 203 183 534 1019 72 21 15 1340 893 852 298 62 51 377 67 1069 1251 842 153 432 190 565 921 424 1293 462 88 577 849 1024 580 238 578 392 570 713 210 240 539 1730 1481 1804 339 1848
0 0 0 0 0 0 0 0 0 0 0 0 0 0 0 0 0 0 0 0 0 0 0 0 0 0 0 0 0 0 0 0 0 0 0 0 0 0 0 0 0 0 0 0 0 0 0 0 0 0 0 0 0 0 0 0 0 0 0 0 0 0 0 0
0 0 0 0 0 0 0 0 0 0 0 0 0 0 0 0 0 0 0 0 0 0 0 0 0 0 0 0 0 0 0 0 0 0 0 0 0 0 0 0 0 0 0 0 0 0 0 0 0 0 0 0 0 0 0 0 0 0 0 0 0 0 0 0
0 0 0 0 0 0 0 0 0 0 0 0 0 0 0 0 0 0 0 0 0 0 0 0 0 0 0 0 0 0 0 0 0 0 0 0 0 0 0 0 0 0 0 0 0 0 0 0 0 0 0 0 0 0 0 0 0 0 0 0 0 0 0 0
0 0 0 0 0 0 0 0 0 0 0 0 0 0 0 0 0 0 0 0 0 0 0 0 0 0 0 0 0 0 0 0 0 0 0 0 0 0 0 0 0 0 0 0 0 0 0 0 0 0 0 0 0 0 0 0 0 0 0 0 0 0 0 0
0 0 0 0 0 0 0 0 0 0 0 0 0 0 0 0 0 0 0 0 0 0 0 0 0 0 0 0 0 0 0 0 0 0 0 0 0 0 0 0 0 0 0 0 0 0 0 0 0 0 0 0 0 0 0 0 0 0 0 0 0 0 0 0
32 17 6 146 4 0 19 221 347 183 88 12 0 72 159 321 48 70 2 70 19 45 246 304 40 9 8 386 225 243 113 28 23 122 16 417 262 169 24 66 65 215 214 202 346 115 26 94 223 318 153 134 221 236 261 270 69 78 109 348 393 351 92 407
66 21 11 417 22 2 21 513 912 399 197 26 2 189 303 835 145 153 15 104 116 92 405 726 68 17 14 844 526 428 213 57 39 253 22 902 633 345 52 204 142 413 504 339 652 209 49 253 368 468 247 186 386 337 412 497 109 155 231 702 888 1035 178 748
83 31 11 735 28 2 31 669 1506 520 203 25 9 307 413 987 293 195 56 211 164 163 544 874 68 21 17 923 767 601 249 50 54 366 63 1020 1026 770 137 213 174 498 657 403 1061 413 90 290 479 594 273 221 420 356 469 602 188 186 357 1102 1132 1475 220 1271
142 31 11 847 28 2 50 906 1824 625 203 27 7 769 674 1330 297 195 55 319 363 300 606 1200 72 21 19 1541 1045 1078 298 73 50 399 70 1162 1417 1098 150 428 206 622 1015 448 2070 601 108 507 910 1005 545 267 565 404 597 698 252 345 620 1934 1620 1949 276 2155
175 31 11 860 28 2 74 1045 1859 652 203 27 15 888 767 1429 297 195 57 332 415 355 617 1258 72 21 20 1770 1196 1294 327 87 56 411 70 1217 1609 1186 163 519 213 675 1121 456 2259 653 109 555 1198 1148 824 306 633 445 619 736 315 621 772 2054 1704 2015 322 2300
127 31 11 834 28 2 36 893 1616 587 203 27 4 647 681 1378 297 195 55 256 285 224 582 1164 72 21 19 1595 1043 1161 312 71 50 398 69 1147 1406 1021 149 409 207 639 1049 450 2042 557 107 560 1001 1029 668 274 584 421 596 685 257 728 688 1859 1605 1918 300 2004
97 31 11 693 28 2 30 740 1473 552 203 26 0 465 486 1183 295 195 55 216 233 171 541 985 72 21 12 1389 914 800 272 65 46 378 66 1025 1141 836 134 293 192 543 820 422 1666 478 89 413 612 773 364 229 446 369 534 639 174 171 434 1509 1400 1534 257 1548
0 0 0 0 0 0 0 0 0 0 0 0 0 0 0 0 0 0 0 0 0 0 0 0 0 0 0 0 0 0 0 0 0 0 0 0 0 0 0 0 0 0 0 0 0 0 0 0 0 0 0 0 0 0 0 0 0 0 0 0 0 0 0 0
0 0 0 0 0 0 0 0 0 0 0 0 0 0 0 0 0 0 0 0 0 0 0 0 0 0 0 0 0 0 0 0 0 0 0 0 0 0 0 0 0 0 0 0 0 0 0 0 0 0 0 0 0 0 0 0 0 0 0 0 0 0 0 0
0 0 0 0 0 0 0 0 0 0 0 0 0 0 0 0 0 0 0 0 0 0 0 0 0 0 0 0 0 0 0 0 0 0 0 0 0 0 0 0 0 0 0 0 0 0 0 0 0 0 0 0 0 0 0 0 0 0 0 0 0 0 0 0
0 0 0 0 0 0 0 0 0 0 0 0 0 0 0 0 0 0 0 0 0 0 0 0 0 0 0 0 0 0 0 0 0 0 0 0 0 0 0 0 0 0 0 0 0 0 0 0 0 0 0 0 0 0 0 0 0 0 0 0 0 0 0 0
5 11 1 15 0 0 5 29 78 114 38 3 1 47 22 1 20 44 3 9 30 10 13 4 2 2 1 86 33 47 21 0 1 29 1 11 36 44 25 2 8 16 30 97 176 46 28 45 63 92 117 41 74 64 60 109 22 44 371 432 225 118 59 439
73 31 10 581 25 0 22 363 1260 566 193 22 0 259 285 741 227 194 57 255 225 152 452 490 70 21 15 1182 765 546 280 44 53 332 50 775 812 700 142 149 162 429 478 330 912 392 100 164 474 618 379 181 362 303 438 488 119 194 311 1302 873 918 172 1117
71 10 7 636 28 0 32 329 1316 510 188 27 6 243 307 693 245 194 55 202 246 113 449 514 70 21 19 977 692 578 275 64 40 221 63 686 805 776 110 205 192 491 590 401 1203 439 98 211 499 593 231 216 394 318 407 381 159 154 324 942 943 1097 194 948
120 31 11 730 23 0 11 801 1595 615 199 23 19 560 492 1093 235 176 55 230 340 203 453 964 63 21 20 1493 907 1011 260 64 56 387 73 1148 1136 1038 138 273 207 569 786 402 1754 536 107 361 908 1022 658 264 627 363 402 495 204 564 676 1893 1441 1711 203 1725
196 31 11 863 28 3 98 1103 1945 657 203 27 21 986 822 1413 297 195 57 335 427 377 626 1309 72 21 20 1905 1180 1566 403 83 46 414 72 1244 1611 1397 164 661 221 719 1117 472 2257 560 117 552 1364 1205 1072 334 820 400 503 715 317 681 864 2218 1654 1542 313 2115
195 31 11 863 28 3 98 884 1939 657 203 27 22 873 723 1257 297 195 57 334 428 361 575 1099 72 21 20 1982 1080 1583 363 84 57 414 75 1238 1581 1537 164 633 229 727 1139 472 2254 681 107 619 1429 1245 1074 341 830 479 638 761 344 948 941 2329 1802 2033 327 2335
167 31 11 837 28 3 50 958 1858 647 203 27 6 682 748 1379 297 189 55 312 418 287 569 1199 70 21 20 1780 1101 1410 344 80 43 308 64 1140 1312 1527 160 519 199 614 911 452 2207 660 117 559 1161 882 646 324 707 439 616 738 305 723 747 2121 1725 2014 295 2367
93 0 7 465 16 1 22 512 1291 397 157 9 0 375 467 798 191 124 7 229 268 141 378 781 41 16 10 859 458 585 206 27 35 181 56 472 717 1098 88 259 103 354 577 357 1432 325 89 215 734 662 362 204 312 309 451 480 285 285 412 1253 1031 1165 164 1433
0 0 0 0 0 0 0 0 0 0 0 0 0 0 0 0 0 0 0 0 0 0 0 0 0 0 0 0 0 0 0 0 0 0 0 0 0 0 0 0 0 0 0 0 0 0 0 0 0 0 0 0 0 0 0 0 0 0 0 0 0 0 0 0
0 0 0 0 0 0 0 0 0 0 0 0 0 0 0 0 0 0 0 0 0 0 0 0 0 0 0 0 0 0 0 0 0 0 0 0 0 0 0 0 0 0 0 0 0 0 0 0 0 0 0 0 0 0 0 0 0 0 0 0 0 0 0 0
0 0 0 0 0 0 0 0 0 0 0 0 0 0 0 0 0 0 0 0 0 0 0 0 0 0 0 0 0 0 0 0 0 0 0 0 0 0 0 0 0 0 0 0 0 0 0 0 0 0 0 0 0 0 0 0 0 0 0 0 0 0 0 0
0 0 0 0 0 0 0 0 0 0 0 0 0 0 0 0 0 0 0 0 0 0 0 0 0 0 0 0 0 0 0 0 0 0 0 0 0 0 0 0 0 0 0 0 0 0 0 0 0 0 0 0 0 0 0 0 0 0 0 0 0 0 0 0
0 0 0 0 0 0 0 0 5 0 0 0 0 0 4 4 0 0 0 0 0 0 0 3 0 0 0 0 0 0 0 0 0 0 0 4 10 1 0 0 0 0 7 0 3 0 0 0 0 0 0 0 0 0 0 0 0 0 0 0 27 0 0 0
72 28 11 702 18 3 47 138 1357 571 172 23 0 897 459 518 268 171 45 148 191 250 199 97 66 18 20 2204 1121 1045 129 37 57 378 57 1012 1320 1139 114 139 173 548 567 428 1643 357 64 127 981 852 807 160 169 303 413 449 175 496 352 1318 734 706 194 986
83 31 11 618 26 0 31 630 1501 599 203 27 0 502 601 1076 292 161 55 227 324 154 517 885 72 21 17 1435 810 867 263 56 56 369 67 913 1050 1184 120 246 197 558 676 431 1769 495 104 277 978 919 483 272 489 388 497 577 268 511 544 1834 1517 1675 221 1604
163 31 11 826 28 2 40 793 1853 625 203 27 3 812 737 1302 292 184 55 337 397 268 585 1154 70 21 20 1775 1069 1367 308 82 57 402 75 1167 1367 1516 162 507 204 604 1022 453 2244 652 108 543 1337 1121 936 308 708 447 603 696 334 756 793 2266 1738 2008 283 2149
182 31 10 853 28 3 44 990 1821 620 203 27 6 848 746 1406 290 193 55 335 424 274 606 1232 72 21 20 2193 1126 1410 321 87 57 403 70 1188 1432 1541 164 458 207 667 1143 451 2306 632 113 544 1299 1013 1049 315 708 442 589 717 332 629 751 2280 1739 2022 307 2353
169 31 11 859 28 3 49 1084 1920 657 203 27 4 951 762 1471 297 195 55 339 428 288 622 1236 72 21 20 2304 1180 1469 335 90 57 405 70 1185 1524 1544 164 553 207 660 1146 455 2299 659 111 619 1353 1059 1253 321 792 447 595 726 344 808 843 2549 1766 2022 333 2465
149 31 11 833 28 3 49 1094 1884 657 203 27 0 901 751 1432 297 195 55 300 428 283 624 1242 72 21 20 2240 1136 1447 328 80 57 410 71 1171 1504 1543 164 502 207 655 1084 456 2098 643 109 579 1317 1025 1127 298 735 446 629 716 335 808 817 2361 1747 2026 325 2374
148 31 11 760 26 2 31 955 1862 650 203 27 0 886 520 1130 283 193 55 330 338 180 595 993 72 21 11 1919 1086 1339 296 76 57 388 70 1026 1281 1521 161 409 206 583 935 447 2107 633 106 474 1206 982 672 273 660 411 583 679 329 707 723 2192 1506 1813 332 2340
0 0 0 0 0 0 0 0 0 0 0 0 0 0 0 0 0 0 0 0 0 0 0 0 0 0 0 0 0 0 0 0 0 0 0 0 0 0 0 0 0 0 0 0 0 0 0 0 0 0 0 0 0 0 0 0 0 0 0 0 0 0 0 0
0 0 0 0 0 0 0 0 0 0 0 0 0 0 0 0 0 0 0 0 0 0 0 0 0 0 0 0 0 0 0 0 0 0 0 0 0 0 0 0 0 0 0 0 0 0 0 0 0 0 0 0 0 0 0 0 0 0 0 0 0 0 0 0
0 0 0 0 0 0 0 0 0 0 0 0 0 0 0 0 0 0 0 0 0 0 0 0 0 0 0 0 0 0 0 0 0 0 0 0 0 0 0 0 0 0 0 0 0 0 0 0 0 0 0 0 0 0 0 0 0 0 0 0 0 0 0 0
0 0 0 0 0 0 0 0 0 0 0 0 0 0 0 0 0 0 0 0 0 0 0 0 0 0 0 0 0 0 0 0 0 0 0 0 0 0 0 0 0 0 0 0 0 0 0 0 0 0 0 0 0 0 0 0 0 0 0 0 0 0 0 0
71 31 6 451 21 0 19 405 1180 518 143 23 2 569 561 886 212 127 30 223 342 76 363 669 32 13 8 1151 757 860 223 53 57 247 20 600 912 1401 127 184 128 362 280 244 1339 484 61 151 744 477 340 137 284 200 293 477 125 258 342 1263 1048 967 138 1477
99 31 10 740 28 2 29 784 1617 602 203 27 0 711 646 1214 271 174 51 303 387 148 537 962 70 21 13 1611 972 1063 235 58 53 316 37 940 1117 1398 95 277 179 507 727 404 1855 498 79 292 976 871 526 236 476 341 497 576 193 484 504 1834 1395 1240 205 1648
158 31 11 742 28 3 35 764 1802 641 201 27 0 715 623 1109 288 182 57 304 386 184 484 896 71 21 20 1593 923 1003 284 62 57 353 53 931 978 1378 139 357 195 550 717 349 1636 454 90 263 1054 818 491 223 517 358 480 625 213 513 573 1860 1376 1204 239 1769
159 31 11 776 20 3 43 921 1703 606 202 26 2 810 708 1199 297 183 55 305 351 205 517 1092 68 21 20 1974 1057 1220 305 74 49 327 30 872 1030 1239 107 442 160 566 833 411 1860 521 106 462 999 863 715 277 567 449 552 693 241 554 624 2069 1557 1589 283 2205
185 31 11 860 27 3 56 1017 1957 653 202 27 6 970 753 1333 296 195 55 328 421 295 584 1231 70 21 20 2332 1172 1450 311 80 49 399 70 1166 1368 1488 157 513 186 671 1179 469 2230 651 109 562 1279 1073 1409 332 753 448 629 738 326 709 804 2446 1789 1958 334 2488
183 31 11 860 28 3 65 1101 1915 657 203 27 15 981 771 1404 297 188 55 315 428 319 596 1274 72 21 17 2337 1169 1595 338 78 57 413 70 1175 1611 1531 164 558 212 722 1213 453 2230 656 109 609 1358 1058 1582 331 817 469 641 760 331 765 848 2418 1791 1946 355 2445
212 31 11 856 28 3 58 1114 1919 654 203 27 2 975 770 1401 297 195 55 332 428 301 599 1287 72 21 20 2337 1143 1575 336 76 57 409 70 1158 1624 1543 164 550 214 713 1234 458 2240 646 109 594 1348 1080 1623 315 838 460 642 768 327 753 828 2468 1816 1973 347 2426
193 31 11 838 28 3 39 1057 1885 651 202 27 0 932 746 1344 297 195 55 329 425 228 586 1226 72 21 17 2291 1116 1438 311 66 57 407 70 1090 1474 1535 164 471 208 679 1132 452 2220 637 108 457 1312 1019 1526 286 792 447 635 714 301 722 736 2371 1782 1980 315 2441
0 0 0 0 0 0 0 0 0 0 0 0 0 0 0 0 0 0 0 0 0 0 0 0 0 0 0 0 0 0 0 0 0 0 0 0 0 0 0 0 0 0 0 0 0 0 0 0 0 0 0 0 0 0 0 0 0 0 0 0 0 0 0 0
0 0 0 0 0 0 0 0 0 0 0 0 0 0 0 0 0 0 0 0 0 0 0 0 0 0 0 0 0 0 0 0 0 0 0 0 0 0 0 0 0 0 0 0 0 0 0 0 0 0 0 0 0 0 0 0 0 0 0 0 0 0 0 0
