0 0 0 0 0 0 0 0 0 0 0 0 0 0 0 0 0 0 0 0 0 0 0 0 0 0 0 0 0 0 0 0 0 0 0 0 0 0 0 0 0 0 0 0 0 0 0 0 0 0 0 0 0 0 0 0 0 0 0 0 0 0 0 0
0 0 0 0 0 0 0 0 0 0 0 0 0 0 0 0 0 0 0 0 0 0 0 0 0 0 0 0 0 0 0 0 0 0 0 0 0 0 0 0 0 0 0 0 0 0 0 0 0 0 0 0 0 0 0 0 0 0 0 0 0 0 0 0
0 0 0 0 0 0 90 10 0 0 0 0 18 48 18 14 0 0 2 0 0 0 0 2 0 0 4 1 0 18 2 0 0 0 0 0 30 91 2 37 1 4 2 15 40 694 3 42 1 7 9 0 10 13 0 26 0 0 81 0 2 2 0 0
0 0 0 0 0 0 0 0 0 0 0 0 0 0 0 0 0 0 0 0 0 0 0 0 0 0 0 0 0 0 0 0 0 0 0 0 0 0 0 12 0 0 0 2 22 328 10 186 0 6 84 22 30 40 31 94 3 58 84 6 33 123 2 27
0 0 0 0 0 0 116 0 0 0 0 0 1 69 19 0 0 0 0 0 0 0 0 0 0 0 0 0 0 0 0 0 0 0 0 0 0 18 0 0 0 0 0 0 0 808 0 100 0 0 0 0 1 2 2 28 0 0 55 0 0 20 14 0
0 0 0 0 0 0 1 0 0 0 0 0 0 10 0 0 0 0 0 0 0 0 0 0 0 0 0 0 0 0 0 0 0 0 0 1 0 13 0 0 0 0 0 2 0 777 0 15 0 0 0 0 0 0 0 6 0 0 40 0 0 0 0 0
0 0 0 0 0 0 55 0 0 0 0 0 4 11 2 0 0 0 0 0 0 0 0 0 0 0 0 0 0 0 0 0 0 0 0 0 0 19 0 0 0 0 0 0 0 790 0 0 0 0 0 0 0 0 0 6 0 0 58 0 0 0 0 0
0 0 0 38 0 0 79 2 0 3 1 0 6 4 3 0 0 0 0 0 3 0 5 2 0 0 0 0 0 0 0 0 0 0 0 1 0 20 0 0 0 0 0 0 0 809 0 0 12 0 0 0 39 0 0 15 0 0 40 0 0 0 0 0
0 0 0 0 0 0 50 45 6 0 0 0 0 8 52 4 0 0 0 0 0 0 5 2 0 0 0 3 4 0 0 0 0 0 0 18 23 117 0 4 0 0 12 2 0 798 0 2 0 0 3 1 0 7 2 0 0 0 63 0 1 0 3 2
0 0 0 0 0 0 112 0 0 0 0 0 13 29 25 0 0 0 0 0 0 0 0 0 0 0 0 3 3 5 0 0 0 0 0 14 18 70 0 0 5 0 0 0 0 886 0 0 0 0 0 0 0 2 0 27 0 3 76 0 0 0 6 0
0 0 0 0 0 0 0 0 0 0 0 0 0 0 0 0 0 0 0 0 0 0 0 0 0 0 0 0 0 0 0 0 0 0 0 0 0 0 0 0 0 0 0 0 0 0 0 0 0 0 0 0 0 0 0 0 0 0 0 0 0 0 0 0
0 0 0 0 0 0 0 0 0 0 0 0 0 0 0 0 0 0 0 0 0 0 0 0 0 0 0 0 0 0 0 0 0 0 0 0 0 0 0 0 0 0 0 0 0 0 0 0 0 0 0 0 0 0 0 0 0 0 0 0 0 0 0 0
0 0 0 0 0 0 0 0 0 0 0 0 0 0 0 0 0 0 0 0 0 0 0 0 0 0 0 0 0 0 0 0 0 0 0 0 0 0 0 0 0 0 0 0 0 0 0 0 0 0 0 0 0 0 0 0 0 0 0 0 0 0 0 0
0 0 0 0 0 0 0 0 0 0 0 0 0 0 0 0 0 0 0 0 0 0 0 0 0 0 0 0 0 0 0 0 0 0 0 0 0 0 0 0 0 0 0 0 0 0 0 0 0 0 0 0 0 0 0 0 0 0 0 0 0 0 0 0
36 0 2 121 2 0 126 174 123 97 6 3 14 153 122 206 69 47 7 29 8 32 95 118 1 0 12 514 349 265 51 8 18 108 22 565 528 453 33 135 105 156 246 149 343 920 42 189 295 293 295 66 128 158 65 134 193 217 241 352 292 211 154 231
10 0 0 118 0 0 220 535 94 80 6 0 6 153 162 651 85 22 2 3 0 7 191 276 0 0 5 140 127 151 23 4 0 26 6 153 213 239 19 38 0 7 44 35 400 970 14 121 25 42 352 42 59 90 56 82 65 61 135 113 4 99 133 77
3 4 2 25 0 0 248 243 124 12 4 5 2 103 90 448 18 43 0 29 4 16 265 328 8 0 4 302 291 252 24 8 6 51 7 407 629 603 32 127 39 44 245 71 545 1009 12 520 59 56 73 67 152 161 298 173 49 51 175 189 177 711 116 331
0 0 0 0 0 0 144 99 0 0 0 0 2 33 22 186 0 0 0 3 0 2 37 119 0 0 5 8 192 96 4 0 0 0 5 96 217 141 5 36 0 0 0 3 139 908 0 152 3 6 1 25 5 59 44 36 0 5 97 143 5 90 13 5
0 0 0 0 0 0 108 1 0 0 0 0 0 19 11 102 0 0 0 0 0 0 5 53 0 0 0 0 70 7 0 0 0 0 0 0 3 44 0 5 0 0 0 0 0 825 0 0 0 0 0 0 0 0 3 4 0 0 80 0 0 0 0 0
0 0 0 0 0 0 118 9 4 0 0 0 1 22 21 223 0 0 0 0 0 0 9 91 0 0 3 0 82 2 0 0 0 0 0 0 0 41 0 15 0 0 0 0 0 827 1 0 0 0 0 0 0 2 15 6 0 0 80 0 0 2 0 16
0 0 0 0 0 0 154 26 0 0 0 0 7 48 76 248 0 0 0 0 0 0 38 86 0 0 0 4 90 2 0 0 0 0 0 10 1 107 0 18 1 0 0 0 0 842 0 23 6 2 7 15 0 10 7 20 0 0 83 0 1 0 2 25
0 0 0 0 0 0 173 31 4 3 1 0 15 53 120 296 0 0 0 0 0 0 51 100 3 0 3 4 109 5 0 0 5 0 0 11 10 114 0 21 4 0 2 0 3 852 0 35 26 2 6 23 1 18 7 25 0 0 87 0 0 0 7 22
0 0 0 0 0 0 0 0 0 0 0 0 0 0 0 0 0 0 0 0 0 0 0 0 0 0 0 0 0 0 0 0 0 0 0 0 0 0 0 0 0 0 0 0 0 0 0 0 0 0 0 0 0 0 0 0 0 0 0 0 0 0 0 0
0 0 0 0 0 0 0 0 0 0 0 0 0 0 0 0 0 0 0 0 0 0 0 0 0 0 0 0 0 0 0 0 0 0 0 0 0 0 0 0 0 0 0 0 0 0 0 0 0 0 0 0 0 0 0 0 0 0 0 0 0 0 0 0
0 0 0 0 0 0 0 0 0 0 0 0 0 0 0 0 0 0 0 0 0 0 0 0 0 0 0 0 0 0 0 0 0 0 0 0 0 0 0 0 0 0 0 0 0 0 0 0 0 0 0 0 0 0 0 0 0 0 0 0 0 0 0 0
0 0 0 0 0 0 0 0 0 0 0 0 0 0 0 0 0 0 0 0 0 0 0 0 0 0 0 0 0 0 0 0 0 0 0 0 0 0 0 0 0 0 0 0 0 0 0 0 0 0 0 0 0 0 0 0 0 0 0 0 0 0 0 0
82 28 3 261 8 0 40 384 678 292 59 10 20 352 129 449 107 102 43 122 158 72 294 634 30 1 1 560 456 482 54 14 30 104 59 354 404 299 37 381 108 371 579 158 769 232 50 521 492 567 569 138 360 274 349 233 183 285 356 665 671 742 138 929
103 29 5 435 21 0 226 508 729 413 145 12 11 419 477 1030 161 161 49 180 212 205 494 1004 40 3 11 1098 711 740 175 18 42 245 73 900 1080 974 132 493 148 422 793 296 1210 1232 84 627 716 642 650 139 396 360 468 442 267 375 484 1018 1251 1317 287 2000
0 0 0 3 0 0 119 18 17 7 0 0 0 11 134 371 4 1 0 2 13 7 39 154 15 0 2 42 304 112 6 10 6 5 4 54 46 180 0 56 10 30 28 9 19 896 0 56 127 24 127 26 37 36 103 35 4 24 153 114 20 10 10 79
0 0 0 0 0 0 54 0 2 6 0 0 1 20 11 97 4 1 0 0 3 0 0 56 6 0 0 2 205 50 0 0 0 0 0 5 8 165 0 38 0 0 0 0 6 866 0 7 37 2 23 0 7 0 22 20 1 0 105 19 8 0 0 33
0 0 0 0 0 0 129 0 0 0 0 0 0 26 14 36 0 0 0 4 1 0 0 50 0 0 0 8 65 0 0 0 0 0 0 3 2 26 0 3 0 0 0 0 16 815 0 0 8 0 0 0 2 0 6 18 0 0 77 0 4 16 0 1
0 0 0 1 0 0 125 0 0 0 0 0 2 28 17 82 0 2 2 43 6 7 8 60 0 0 0 106 220 58 0 0 0 0 0 26 50 45 0 5 0 0 0 6 25 808 0 0 2 0 0 6 0 2 20 19 0 0 82 0 3 0 0 0
0 0 0 3 0 0 163 4 0 0 0 0 6 68 36 44 0 0 2 9 1 2 6 57 0 0 3 0 211 62 0 0 0 0 0 6 0 80 0 0 0 0 0 0 2 834 0 5 7 2 0 7 0 0 33 21 0 4 91 0 0 0 2 0
0 0 0 0 0 0 31 12 0 0 0 0 13 71 24 31 0 0 0 0 0 0 0 56 0 0 0 0 206 22 0 0 0 0 0 0 0 119 0 0 0 0 0 0 0 825 0 0 10 2 0 0 0 2 41 11 0 17 70 0 0 0 2 0
0 0 0 0 0 0 0 0 0 0 0 0 0 0 0 0 0 0 0 0 0 0 0 0 0 0 0 0 0 0 0 0 0 0 0 0 0 0 0 0 0 0 0 0 0 0 0 0 0 0 0 0 0 0 0 0 0 0 0 0 0 0 0 0
0 0 0 0 0 0 0 0 0 0 0 0 0 0 0 0 0 0 0 0 0 0 0 0 0 0 0 0 0 0 0 0 0 0 0 0 0 0 0 0 0 0 0 0 0 0 0 0 0 0 0 0 0 0 0 0 0 0 0 0 0 0 0 0
0 0 0 0 0 0 0 0 0 0 0 0 0 0 0 0 0 0 0 0 0 0 0 0 0 0 0 0 0 0 0 0 0 0 0 0 0 0 0 0 0 0 0 0 0 0 0 0 0 0 0 0 0 0 0 0 0 0 0 0 0 0 0 0
0 0 0 0 0 0 0 0 0 0 0 0 0 0 0 0 0 0 0 0 0 0 0 0 0 0 0 0 0 0 0 0 0 0 0 0 0 0 0 0 0 0 0 0 0 0 0 0 0 0 0 0 0 0 0 0 0 0 0 0 0 0 0 0
8 0 4 114 1 0 81 78 130 95 46 3 8 250 66 49 9 25 24 42 131 58 49 169 4 0 3 134 199 107 4 0 3 14 4 81 121 89 10 25 15 84 71 21 68 819 5 106 177 97 45 16 48 20 36 41 70 40 123 48 63 40 21 49
0 0 0 0 0 0 109 0 0 2 0 0 0 52 31 3 0 0 0 2 0 0 0 52 0 0 0 0 159 10 0 0 0 0 0 5 9 140 0 2 1 0 0 0 0 851 0 0 20 30 0 9 0 0 18 3 0 26 87 0 3 6 23 0
0 0 0 0 0 0 86 0 0 0 0 0 0 24 12 0 0 0 0 0 0 0 0 2 0 0 0 0 5 3 0 0 0 0 0 0 0 31 0 0 0 0 0 1 0 816 0 0 0 0 0 2 0 0 2 5 0 8 32 0 0 0 0 0
0 0 0 0 0 0 114 0 0 0 0 0 0 16 21 0 0 0 0 0 0 0 0 28 0 0 0 0 118 2 0 0 0 0 0 0 0 119 0 0 0 0 0 0 0 831 0 0 0 0 0 0 0 0 0 15 0 8 74 0 0 0 0 0
0 0 0 0 0 0 100 0 0 1 0 0 0 7 15 31 2 0 2 5 0 1 14 0 0 0 0 4 1 1 0 0 0 0 0 0 0 87 0 0 0 0 0 2 28 841 0 0 0 0 0 0 0 0 0 19 0 6 78 0 9 3 1 8
0 0 0 0 0 0 101 0 0 0 0 0 2 8 7 0 0 0 0 0 0 0 0 0 0 0 0 0 0 0 0 0 0 0 0 0 0 87 0 0 0 0 0 0 0 817 0 0 0 0 0 0 0 0 0 0 0 8 66 0 0 0 0 0
0 0 0 0 0 0 26 0 0 0 0 0 1 5 7 0 0 0 0 0 0 0 0 0 0 0 0 0 0 0 0 0 0 0 0 0 0 37 0 0 0 0 0 0 0 825 0 0 0 0 0 0 0 0 0 17 0 18 74 3 2 13 0 0
0 0 0 0 0 0 36 0 0 0 0 0 9 9 92 0 0 0 0 0 0 0 0 0 0 0 0 0 0 0 0 0 0 0 0 0 0 100 0 0 0 0 0 0 0 861 0 0 0 0 0 3 2 15 2 53 0 23 86 18 11 12 4 0
0 0 0 0 0 0 0 0 0 0 0 0 0 0 0 0 0 0 0 0 0 0 0 0 0 0 0 0 0 0 0 0 0 0 0 0 0 0 0 0 0 0 0 0 0 0 0 0 0 0 0 0 0 0 0 0 0 0 0 0 0 0 0 0
0 0 0 0 0 0 0 0 0 0 0 0 0 0 0 0 0 0 0 0 0 0 0 0 0 0 0 0 0 0 0 0 0 0 0 0 0 0 0 0 0 0 0 0 0 0 0 0 0 0 0 0 0 0 0 0 0 0 0 0 0 0 0 0
0 0 0 0 0 0 0 0 0 0 0 0 0 0 0 0 0 0 0 0 0 0 0 0 0 0 0 0 0 0 0 0 0 0 0 0 0 0 0 0 0 0 0 0 0 0 0 0 0 0 0 0 0 0 0 0 0 0 0 0 0 0 0 0
0 0 0 0 0 0 0 0 0 0 0 0 0 0 0 0 0 0 0 0 0 0 0 0 0 0 0 0 0 0 0 0 0 0 0 0 0 0 0 0 0 0 0 0 0 0 0 0 0 0 0 0 0 0 0 0 0 0 0 0 0 0 0 0
0 0 0 0 0 0 0 0 0 0 0 0 0 0 0 0 0 0 0 0 0 0 0 0 0 0 0 0 0 0 0 0 0 0 0 0 0 0 0 0 0 0 0 0 0 0 0 0 0 0 0 0 0 5 0 0 0 0 0 0 1 0 0 0
0 4 1 118 1 0 140 54 92 98 24 0 0 172 59 118 7 12 4 32 55 59 93 113 9 0 5 38 193 173 34 6 10 19 2 194 137 121 16 116 29 76 226 73 86 906 22 122 172 63 56 68 108 151 261 198 112 222 236 319 278 245 73 222
17 0 0 25 0 0 147 3 34 36 11 0 8 32 41 4 2 3 0 1 3 12 21 5 0 0 1 65 11 130 4 0 4 0 4 91 70 94 3 14 44 55 36 48 32 934 0 5 155 25 89 70 7 99 145 74 6 94 201 207 42 42 21 171
0 0 0 0 0 0 76 0 0 0 0 0 0 6 12 1 0 0 0 0 0 1 0 0 0 0 3 0 17 37 0 0 0 0 0 24 0 60 0 0 0 4 0 1 2 820 0 0 23 5 12 22 0 24 3 14 0 32 116 24 1 0 0 0
0 0 0 0 0 0 30 0 0 0 0 0 0 3 2 0 0 0 0 0 0 0 1 0 0 0 2 0 5 15 0 0 0 1 0 0 3 85 0 0 29 7 5 2 2 808 0 0 3 4 0 5 0 1 0 0 0 0 81 4 0 0 0 0
0 0 0 0 0 0 28 0 0 0 0 0 0 2 2 0 0 0 0 0 0 0 0 0 0 0 0 0 0 1 0 0 0 0 0 0 0 77 0 0 3 3 0 0 0 774 0 0 0 0 0 0 0 0 0 0 0 0 74 0 0 0 0 0
0 0 0 0 0 0 23 0 1 0 0 0 0 2 2 0 3 0 0 0 0 0 0 0 0 0 0 1 0 1 0 0 0 0 0 0 4 115 0 2 0 3 0 0 0 788 0 0 0 0 0 8 3 1 0 25 0 21 85 16 4 0 1 38
0 0 0 0 0 0 0 0 0 0 0 0 0 0 0 0 0 0 0 0 0 0 0 0 0 0 0 0 0 0 0 0 0 0 0 0 0 0 0 0 0 0 0 0 0 0 0 0 0 0 0 0 0 0 0 0 0 0 0 0 0 0 0 0
0 0 0 0 0 0 0 0 0 0 0 0 0 0 0 0 0 0 0 0 0 0 0 0 0 0 0 0 0 0 0 0 0 0 0 0 0 0 0 0 0 0 0 0 0 0 0 0 0 0 0 0 0 0 0 0 0 0 0 0 0 0 0 0
0 0 0 0 0 0 0 0 0 0 0 0 0 0 0 0 0 0 0 0 0 0 0 0 0 0 0 0 0 0 0 0 0 0 0 0 0 0 0 0 0 0 0 0 0 0 0 0 0 0 0 0 0 0 0 0 0 0 0 0 0 0 0 0
0 0 0 0 0 0 0 0 0 0 0 0 0 0 0 0 0 0 0 0 0 0 0 0 0 0 0 0 0 0 0 0 0 0 0 0 0 0 0 0 0 0 0 0 0 0 0 0 0 0 0 0 0 0 0 0 0 0 0 0 0 0 0 0
0 0 0 0 0 0 0 0 0 0 0 0 0 0 0 0 0 0 0 0 0 0 0 0 0 0 0 0 0 0 0 0 0 0 0 0 0 0 0 0 0 0 0 0 0 0 0 0 0 0 0 0 0 0 0 0 0 0 0 0 0 0 0 0
0 0 0 0 0 0 0 0 0 0 0 0 0 0 0 0 0 0 0 0 0 0 0 0 0 0 0 0 0 0 0 0 0 0 0 0 0 0 0 0 0 0 0 0 0 0 0 0 0 0 0 0 0 0 0 0 0 0 0 0 0 0 0 0
0 0 0 0 0 0 6 0 0 0 0 0 0 8 4 0 0 0 0 0 0 0 0 0 0 0 0 0 0 1 0 0 0 0 0 0 0 40 0 0 0 0 0 0 0 818 0 0 0 0 0 4 0 0 0 2 0 20 69 0 0 0 0 0
0 0 0 0 0 0 15 0 0 0 0 0 1 13 17 0 0 3 0 0 0 0 0 0 0 0 2 0 0 0 0 0 0 0 0 0 0 48 0 0 0 0 4 0 0 856 0 0 0 0 2 2 27 9 6 52 0 22 94 0 17 1 0 0
0 0 0 0 0 0 53 0 0 0 0 0 0 17 23 2 0 0 0 4 0 7 6 0 0 0 0 29 38 67 14 0 0 0 2 25 33 111 4 61 0 1 1 2 14 842 2 13 0 0 0 5 4 50 36 67 0 23 95 10 71 59 18 39
0 0 0 0 0 0 0 0 0 0 0 0 0 0 0 0 0 0 0 0 0 0 0 0 0 0 0 0 0 0 0 0 0 0 0 0 0 0 0 0 0 0 0 0 0 0 0 0 0 0 0 0 0 0 0 0 0 1 0 0 0 0 0 0
0 0 0 0 0 0 2 0 0 0 0 0 0 3 10 0 0 0 0 0 0 3 0 0 0 0 0 4 49 0 0 0 0 0 0 0 2 72 0 16 0 0 0 0 0 752 0 2 0 2 0 0 0 0 0 8 0 12 67 0 0 0 0 11
0 0 0 0 0 0 0 0 22 5 0 0 0 1 0 0 0 0 0 0 0 0 0 0 0 0 0 0 0 0 0 0 0 0 0 0 0 16 0 0 0 0 0 0 0 625 0 0 0 0 0 0 0 0 0 0 0 9 0 0 0 0 0 0
0 0 0 0 0 0 3 0 0 0 0 0 0 9 0 0 0 0 2 0 0 0 0 0 0 0 0 0 0 3 0 0 0 0 0 0 0 0 0 9 0 0 0 0 0 831 0 0 0 0 0 0 0 0 0 18 0 14 82 0 0 0 0 0
0 0 0 0 0 0 0 0 0 0 0 0 0 0 0 0 0 0 0 0 0 0 0 0 0 0 0 0 0 0 0 0 0 0 0 0 0 0 0 0 0 0 0 0 0 0 0 0 0 0 0 0 0 0 0 0 0 0 0 0 0 0 0 0
0 0 0 0 0 0 0 0 0 0 0 0 0 0 0 0 0 0 0 0 0 0 0 0 0 0 0 0 0 0 0 0 0 0 0 0 0 0 0 0 0 0 0 0 0 0 0 0 0 0 0 0 0 0 0 0 0 0 0 0 0 0 0 0
0 0 0 0 0 0 0 0 0 0 0 0 0 0 0 0 0 0 0 0 0 0 0 0 0 0 0 0 0 0 0 0 0 0 0 0 0 0 0 0 0 0 0 0 0 0 0 0 0 0 0 0 0 0 0 0 0 0 0 0 0 0 0 0
0 0 0 0 0 0 0 0 0 0 0 0 0 0 0 0 0 0 0 0 0 0 0 0 0 0 0 0 0 0 0 0 0 0 0 0 0 0 0 0 0 0 0 0 0 0 0 0 0 0 0 0 0 0 0 0 0 0 0 0 0 0 0 0
0 0 0 0 0 0 0 0 0 0 0 0 0 0 0 0 0 0 0 0 0 0 0 0 0 0 0 0 0 0 0 0 0 0 0 0 0 27 0 16 0 5 0 0 2 357 0 2 0 5 0 0 4 0 2 19 0 21 88 0 0 2 7 7
0 0 0 0 0 0 81 0 0 0 0 0 0 11 20 1 0 0 2 0 0 0 0 0 0 0 0 0 0 2 0 0 0 0 0 0 0 53 0 7 0 0 0 0 0 823 0 0 0 0 0 0 0 0 0 15 0 20 73 0 0 0 0 0
0 0 0 0 0 0 0 0 0 0 0 0 0 0 0 0 0 0 0 0 0 0 0 0 0 0 0 0 0 0 0 0 0 0 0 0 0 0 0 0 0 0 0 0 0 0 0 0 0 0 0 0 0 0 0 0 0 0 12 0 0 0 0 0
0 0 0 12 0 0 75 24 40 0 2 0 0 5 25 98 0 0 0 0 0 1 35 15 0 0 0 0 0 1 0 0 0 0 0 0 0 2 0 4 0 0 0 0 0 791 0 0 0 0 0 0 0 0 0 3 0 11 63 0 0 0 0 0
0 0 1 26 3 0 51 32 53 0 4 0 0 15 124 239 2 0 0 1 0 0 101 77 0 0 0 0 0 0 0 0 0 6 0 1 0 51 0 0 16 41 318 11 2 783 0 0 7 31 1 28 9 12 0 2 0 14 81 17 2 23 1 20
0 0 0 6 0 0 38 5 6 0 0 0 0 4 21 49 0 0 0 0 0 0 5 2 0 0 0 0 0 0 0 0 0 0 0 0 0 0 0 0 0 0 30 3 0 777 0 0 0 1 0 0 0 0 0 0 0 2 68 0 0 0 0 0
0 0 0 7 0 0 57 0 31 0 0 0 0 9 27 3 0 0 0 0 0 0 4 50 0 0 0 0 0 0 0 0 0 0 0 3 2 2 4 0 0 0 25 0 0 662 0 0 0 0 0 2 0 0 2 22 0 0 66 34 0 0 1 54
0 0 0 9 0 0 99 0 54 0 0 0 0 2 9 1 0 0 0 0 0 0 0 21 0 0 0 0 0 0 0 0 0 0 0 0 0 0 0 0 0 0 30 0 0 817 0 0 0 0 0 7 0 0 0 0 0 0 68 0 0 0 0 0
0 0 0 0 0 0 0 0 0 0 0 0 0 0 0 0 0 0 0 0 0 0 0 0 0 0 0 0 0 0 0 0 0 0 0 0 0 0 0 0 0 0 0 0 0 0 0 0 0 0 0 0 0 0 0 0 0 0 0 0 0 0 0 0
0 0 0 0 0 0 0 0 0 0 0 0 0 0 0 0 0 0 0 0 0 0 0 0 0 0 0 0 0 0 0 0 0 0 0 0 0 0 0 0 0 0 0 0 0 0 0 0 0 0 0 0 0 0 0 0 0 0 0 0 0 0 0 0
0 0 0 0 0 0 0 0 0 0 0 0 0 0 0 0 0 0 0 0 0 0 0 0 0 0 0 0 0 0 0 0 0 0 0 0 0 0 0 0 0 0 0 0 0 0 0 0 0 0 0 0 0 0 0 0 0 0 0 0 0 0 0 0
0 0 0 0 0 0 0 0 0 0 0 0 0 0 0 0 0 0 0 0 0 0 0 0 0 0 0 0 0 0 0 0 0 0 0 0 0 0 0 0 0 0 0 0 0 0 0 0 0 0 0 0 0 0 0 0 0 0 0 0 0 0 0 0
0 0 1 12 0 0 132 24 47 3 0 5 0 30 129 253 0 0 6 6 1 11 92 102 0 0 2 9 38 7 30 1 0 4 0 38 33 105 3 56 2 24 83 44 94 840 16 2 21 32 33 26 43 47 13 74 1 19 69 128 167 80 6 133
0 0 0 37 0 0 139 19 87 0 0 0 0 19 79 28 0 0 0 0 0 5 26 63 0 0 0 3 13 2 6 0 0 3 0 5 2 89 0 34 0 6 42 5 4 799 3 3 0 0 5 9 0 7 0 21 0 6 71 0 5 6 0 27
0 0 0 9 0 0 120 8 44 0 0 0 0 14 48 19 0 0 0 0 0 0 10 37 0 0 0 0 0 1 0 0 0 2 0 0 0 0 0 8 0 0 43 2 0 794 0 0 0 0 5 9 1 3 0 10 0 14 60 0 0 0 0 0
0 0 0 0 0 0 0 0 0 0 0 0 0 0 2 0 0 0 0 0 0 0 0 0 0 0 0 0 0 0 0 0 0 0 0 0 0 0 0 0 0 0 0 0 0 45 0 0 0 0 0 0 0 0 0 0 0 0 5 0 0 0 0 0
0 0 0 0 0 0 0 0 0 0 0 0 0 0 0 0 0 0 0 0 0 0 0 0 0 0 0 0 0 0 0 0 0 0 0 0 0 0 0 0 0 0 0 0 0 0 0 0 0 0 0 0 0 0 0 0 0 0 0 0 0 0 0 0
0 0 0 0 0 0 84 0 0 0 0 0 0 6 9 0 0 0 0 0 0 0 0 0 0 0 0 0 0 0 0 0 0 0 0 0 0 79 0 0 0 0 0 0 0 689 0 0 0 0 0 0 0 0 0 0 0 0 56 0 0 0 0 0
0 0 0 0 0 0 92 0 0 0 0 0 0 5 9 2 0 0 0 0 0 0 1 0 0 0 0 4 0 0 0 0 0 0 0 0 0 0 2 0 0 0 5 0 0 672 0 0 4 0 0 0 2 1 0 0 4 0 63 0 0 2 0 0
0 0 0 0 0 0 59 0 0 0 0 0 0 10 22 0 0 0 0 0 0 0 0 0 0 0 3 0 0 0 0 0 0 0 0 0 0 0 0 0 0 0 0 0 0 695 0 0 0 0 0 0 0 0 0 0 0 9 75 0 0 0 0 0
0 0 0 0 0 0 0 0 0 0 0 0 0 0 0 0 0 0 0 0 0 0 0 0 0 0 0 0 0 0 0 0 0 0 0 0 0 0 0 0 0 0 0 0 0 0 0 0 0 0 0 0 0 0 0 0 0 0 0 0 0 0 0 0
0 0 0 0 0 0 0 0 0 0 0 0 0 0 0 0 0 0 0 0 0 0 0 0 0 0 0 0 0 0 0 0 0 0 0 0 0 0 0 0 0 0 0 0 0 0 0 0 0 0 0 0 0 0 0 0 0 0 0 0 0 0 0 0
0 0 0 0 0 0 0 0 0 0 0 0 0 0 0 0 0 0 0 0 0 0 0 0 0 0 0 0 0 0 0 0 0 0 0 0 0 0 0 0 0 0 0 0 0 0 0 0 0 0 0 0 0 0 0 0 0 0 0 0 0 0 0 0
0 0 0 0 0 0 0 0 0 0 0 0 0 0 0 0 0 0 0 0 0 0 0 0 0 0 0 0 0 0 0 0 0 0 0 0 0 0 0 0 0 0 0 0 0 0 0 0 0 0 0 0 0 0 0 0 0 0 0 0 0 0 0 0
0 0 0 7 2 0 0 45 84 81 25 0 0 14 23 310 19 9 5 28 6 22 75 101 6 3 2 110 100 81 44 3 1 15 21 175 181 74 12 35 25 49 50 71 168 54 17 7 148 234 47 22 48 19 22 42 77 64 80 185 167 95 30 155
0 0 0 0 0 0 0 0 0 0 0 0 0 0 0 0 0 0 0 0 0 0 0 0 0 0 0 0 0 0 0 0 0 0 0 0 0 53 0 0 0 0 19 35 62 672 2 0 16 11 1 2 25 4 0 0 0 5 75 30 37 19 2 2
0 0 0 0 0 0 124 16 20 0 0 0 0 11 19 22 0 0 0 0 0 0 2 18 0 0 3 0 9 0 0 0 0 0 0 0 0 71 0 0 2 2 0 0 0 769 0 0 0 0 0 0 14 0 0 0 0 14 69 0 0 3 0 2
0 0 0 0 0 0 123 1 0 0 0 0 0 5 8 8 0 0 0 5 0 0 7 0 0 0 0 0 0 1 0 0 0 0 0 0 2 90 2 0 0 0 0 0 7 729 0 2 0 0 0 0 12 1 0 2 0 10 68 4 16 17 1 36
0 0 0 3 0 0 55 16 43 11 0 0 0 7 12 141 3 6 2 14 1 5 31 15 2 0 6 71 45 69 0 0 11 1 3 38 98 237 8 95 2 24 161 42 150 767 1 19 17 19 17 3 71 52 68 61 9 28 94 83 193 150 17 465
0 0 0 0 0 0 0 0 6 0 0 0 0 0 0 0 0 0 0 0 0 0 0 0 0 0 0 0 0 0 0 0 0 0 0 0 0 0 0 0 0 0 0 2 0 0 0 4 0 0 0 0 0 0 26 0 5 0 0 0 0 0 0 0
0 0 0 0 0 0 2 0 0 0 0 0 0 5 5 70 0 0 0 0 0 0 9 3 0 0 0 0 0 4 0 0 0 0 0 2 16 62 0 95 0 0 0 1 14 623 0 62 0 0 0 0 47 3 10 2 0 0 0 2 16 39 0 33
0 0 0 0 0 0 66 1 0 0 0 0 0 1 6 0 0 0 0 0 0 0 0 0 0 0 0 0 0 0 0 0 2 0 0 25 19 108 0 19 1 14 180 27 96 777 0 30 4 10 1 0 64 37 50 59 0 4 44 49 75 40 2 129
0 0 0 0 0 0 0 0 0 0 0 0 0 0 0 0 0 0 0 0 0 0 0 0 0 0 0 0 0 0 0 0 0 0 0 0 0 0 0 0 0 0 0 0 0 0 0 0 0 0 0 0 0 0 0 0 0 0 0 0 0 0 0 0
0 0 0 0 0 0 0 0 0 0 0 0 0 0 0 0 0 0 0 0 0 0 0 0 0 0 0 0 0 0 0 0 0 0 0 0 0 0 0 0 0 0 0 0 0 0 0 0 0 0 0 0 0 0 0 0 0 0 0 0 0 0 0 0
0 0 0 0 0 0 0 0 0 0 0 0 0 0 0 0 0 0 0 0 0 0 0 0 0 0 0 0 0 0 0 0 0 0 0 0 0 0 0 0 0 0 0 0 0 0 0 0 0 0 0 0 0 0 0 0 0 0 0 0 0 0 0 0
0 0 0 0 0 0 0 0 0 0 0 0 0 0 0 0 0 0 0 0 0 0 0 0 0 0 0 0 0 0 0 0 0 0 0 0 0 0 0 0 0 0 0 0 0 0 0 0 0 0 0 0 0 0 0 0 0 0 0 0 0 0 0 0
0 0 0 0 0 0 0 0 0 0 0 0 0 5 0 0 0 0 0 0 0 1 0 1 0 0 0 0 0 0 0 0 0 0 0 0 0 0 0 0 0 0 0 0 0 0 0 0 0 0 0 0 0 0 0 0 0 0 0 0 0 0 0 0
81 29 7 378 19 0 251 385 1301 522 157 14 10 236 549 979 254 180 2 306 106 129 542 911 38 6 5 653 821 872 257 21 41 323 57 1114 1436 1283 77 662 186 468 1036 415 1582 1237 49 879 964 776 652 202 837 470 548 554 285 602 623 1540 1717 1848 374 2478
86 25 7 185 5 0 178 139 900 291 107 13 4 103 472 559 90 107 2 216 41 85 406 536 16 2 7 206 578 504 84 2 33 109 36 952 1207 958 23 454 120 347 806 320 1287 977 2 511 594 504 249 147 694 397 391 458 220 367 368 880 1155 1516 227 1977
0 0 0 0 0 0 150 0 2 0 0 0 0 6 19 169 0 0 0 8 0 0 12 36 0 0 0 0 43 1 0 0 0 3 0 104 177 169 0 96 4 29 37 63 127 821 0 113 20 9 27 19 141 141 85 108 6 15 94 94 150 165 7 561
0 0 0 3 4 0 155 6 23 0 10 0 0 7 64 219 2 0 16 33 0 0 51 91 2 0 0 8 16 21 0 0 0 36 2 128 243 263 0 50 4 17 43 46 114 799 0 50 16 10 21 6 111 9 7 14 2 10 102 125 58 42 1 173
0 0 0 0 0 0 121 0 0 0 0 0 0 9 33 173 0 0 0 0 0 0 1 15 0 0 0 14 7 12 0 0 0 3 0 33 75 125 0 56 2 14 6 25 39 776 0 48 4 6 8 0 113 4 0 19 7 0 9 4 0 0 0 0
0 0 0 0 0 0 157 1 12 2 0 0 1 12 62 198 0 0 0 1 0 0 6 37 0 0 3 17 11 51 37 0 0 12 2 66 147 149 0 54 4 33 27 41 49 805 0 69 6 24 5 0 157 6 1 36 9 18 102 58 36 12 10 97
0 0 0 2 0 0 173 20 32 4 8 0 2 42 98 283 7 0 2 17 10 7 49 121 0 0 5 19 58 129 90 2 0 28 2 192 185 198 0 91 6 31 97 57 188 846 0 116 21 21 19 7 274 102 94 62 26 23 113 167 144 100 43 287
0 0 0 0 0 0 0 0 0 0 0 0 0 0 0 0 0 0 0 0 0 0 0 0 0 0 0 0 0 0 0 0 0 0 0 0 0 0 0 0 0 0 0 0 0 0 0 0 0 0 0 0 0 0 0 0 0 0 0 0 0 0 0 0
0 0 0 0 0 0 0 0 0 0 0 0 0 0 0 0 0 0 0 0 0 0 0 0 0 0 0 0 0 0 0 0 0 0 0 0 0 0 0 0 0 0 0 0 0 0 0 0 0 0 0 0 0 0 0 0 0 0 0 0 0 0 0 0
0 0 0 0 0 0 0 0 0 0 0 0 0 0 0 0 0 0 0 0 0 0 0 0 0 0 0 0 0 0 0 0 0 0 0 0 0 0 0 0 0 0 0 0 0 0 0 0 0 0 0 0 0 0 0 0 0 0 0 0 0 0 0 0
0 0 0 0 0 0 0 0 0 0 0 0 0 0 0 0 0 0 0 0 0 0 0 0 0 0 0 0 0 0 0 0 0 0 0 0 0 0 0 0 0 0 0 0 0 0 0 0 0 0 0 0 0 0 0 0 0 0 0 0 0 0 0 0
0 0 0 0 0 0 0 0 0 0 0 0 0 0 0 0 0 0 0 0 0 0 0 0 0 0 0 0 0 0 0 0 0 0 0 0 0 0 0 0 0 0 0 0 0 0 0 0 0 0 0 0 0 0 0 0 0 0 0 0 0 0 0 0
45 25 7 597 21 0 259 458 1036 454 161 12 12 460 587 1163 202 154 30 297 268 243 522 1088 40 6 11 721 815 930 307 29 33 260 58 1074 1228 1192 118 625 172 410 833 396 1442 700 77 927 636 627 364 199 727 431 524 507 226 474 465 1148 1400 1646 345 2463
89 23 6 495 20 0 240 457 1220 439 152 3 4 377 593 1217 212 148 23 261 237 212 532 1184 28 4 2 403 815 820 254 9 20 194 41 996 1347 1222 70 492 92 260 658 322 1444 1096 10 924 360 314 191 147 636 365 441 390 108 195 326 859 988 1336 311 1874
0 0 0 11 0 0 157 24 94 8 7 0 3 53 151 480 20 0 0 3 38 4 53 233 2 0 0 0 20 92 116 0 0 44 2 95 158 216 2 51 3 31 10 52 159 842 0 222 16 6 21 2 232 58 67 31 3 13 105 111 90 72 27 227
0 0 0 5 0 0 177 8 222 25 10 0 2 62 47 475 56 20 0 5 18 12 48 240 10 2 0 2 16 81 108 0 0 63 2 93 99 162 0 53 3 27 66 55 148 811 0 154 32 7 31 1 177 23 53 20 13 23 107 61 40 10 2 122
0 0 0 4 0 0 189 20 129 6 6 0 1 67 46 445 18 12 0 3 50 7 14 160 9 2 0 0 21 83 127 0 0 81 2 101 74 152 0 59 0 31 35 43 60 834 0 150 17 10 56 0 199 27 74 18 5 29 111 63 41 9 10 126
0 0 0 4 0 0 209 19 79 1 2 0 1 67 61 404 4 0 0 2 11 0 4 143 10 0 3 0 34 65 130 1 0 65 2 101 106 180 0 62 0 23 72 27 99 872 0 154 37 27 15 8 291 56 119 26 12 31 125 93 65 7 21 160
0 0 0 6 0 0 222 50 303 6 8 0 9 88 96 489 41 8 2 39 68 24 34 265 23 2 7 1 113 190 146 7 8 125 2 246 240 232 1 123 6 94 221 77 254 911 5 197 100 56 59 58 512 147 76 52 45 76 165 228 87 100 1 28
0 0 0 0 0 0 0 0 0 0 0 0 0 0 0 0 0 0 0 0 0 0 0 0 0 0 0 0 0 0 0 0 0 0 0 0 0 0 0 0 0 0 0 0 0 0 0 0 0 0 0 0 0 0 0 0 0 0 0 0 0 0 0 0
0 0 0 0 0 0 0 0 0 0 0 0 0 0 0 0 0 0 0 0 0 0 0 0 0 0 0 0 0 0 0 0 0 0 0 0 0 0 0 0 0 0 0 0 0 0 0 0 0 0 0 0 0 0 0 0 0 0 0 0 0 0 0 0
0 0 0 0 0 0 0 0 0 0 0 0 0 0 0 0 0 0 0 0 0 0 0 0 0 0 0 0 0 0 0 0 0 0 0 0 0 0 0 0 0 0 0 0 0 0 0 0 0 0 0 0 0 0 0 0 0 0 0 0 0 0 0 0
0 0 0 0 0 0 0 0 0 0 0 0 0 0 0 0 0 0 0 0 0 0 0 0 0 0 0 0 0 0 0 0 0 0 0 0 0 0 0 0 0 0 0 0 0 0 0 0 0 0 0 0 0 0 0 0 0 0 0 0 0 0 0 0
31 4 4 362 20 0 5 189 978 410 38 8 20 517 173 501 139 2 8 51 15 71 261 282 5 0 0 185 137 370 72 0 0 0 2 142 468 176 8 86 0 0 7 131 143 99 11 0 1 11 5 10 118 39 7 0 0 4 64 0 0 0 0 0
143 29 7 603 21 0 372 579 1753 521 164 14 22 890 659 1211 284 174 54 338 365 398 557 1291 47 6 12 1156 932 1150 312 42 57 357 69 1114 1512 1470 142 742 182 528 1070 412 1811 1521 85 1006 1004 926 950 255 878 434 520 502 334 792 876 1700 1619 1727 382 2328
136 27 3 514 17 0 272 445 1653 417 146 10 5 636 388 940 245 145 37 312 333 287 391 1082 35 6 7 782 821 903 230 16 38 356 60 972 1173 1153 107 565 118 389 891 323 1296 1313 60 849 725 641 568 184 625 359 406 371 274 589 634 1355 1259 1383 299 1834
31 0 0 59 0 0 282 141 929 76 62 0 5 434 155 552 138 23 17 74 137 176 108 441 21 4 4 181 123 201 202 11 7 177 6 353 219 321 30 370 32 124 345 55 451 1072 11 616 243 158 191 85 525 157 149 151 41 165 349 313 220 201 110 385
0 0 0 4 0 0 232 6 232 9 4 0 3 158 103 325 15 1 1 2 27 21 16 180 8 0 2 0 0 58 111 2 4 35 2 115 46 129 9 71 9 13 8 1 43 564 6 256 46 53 29 17 318 49 76 92 5 55 180 10 68 23 10 114
0 0 0 3 0 0 236 27 151 2 14 0 3 163 44 314 9 0 0 0 31 23 1 127 14 0 2 4 31 110 151 2 0 106 2 91 76 220 29 97 12 35 40 47 92 934 9 334 66 40 75 18 335 44 86 62 0 70 225 35 121 18 13 106
0 0 0 4 0 0 265 75 276 0 26 0 8 242 104 422 0 0 2 6 69 38 2 187 12 1 3 14 27 99 148 3 0 80 2 187 146 212 7 199 14 65 96 65 243 1019 4 511 50 103 92 52 504 112 104 40 26 79 254 136 148 62 57 203
2 0 0 22 0 0 320 141 467 3 40 0 18 414 147 473 9 1 2 36 104 85 15 288 31 2 6 43 61 181 166 9 6 127 5 337 305 247 8 335 23 125 247 78 401 1112 11 633 212 195 137 67 619 183 143 50 14 119 315 261 195 89 101 345
0 0 0 0 0 0 0 0 0 0 0 0 0 0 0 0 0 0 0 0 0 0 0 0 0 0 0 0 0 0 0 0 0 0 0 0 0 0 0 0 0 0 0 0 0 0 0 0 0 0 0 0 0 0 0 0 0 0 0 0 0 0 0 0
0 0 0 0 0 0 0 0 0 0 0 0 0 0 0 0 0 0 0 0 0 0 0 0 0 0 0 0 0 0 0 0 0 0 0 0 0 0 0 0 0 0 0 0 0 0 0 0 0 0 0 0 0 0 0 0 0 0 0 0 0 0 0 0
0 0 0 0 0 0 0 0 0 0 0 0 0 0 0 0 0 0 0 0 0 0 0 0 0 0 0 0 0 0 0 0 0 0 0 0 0 0 0 0 0 0 0 0 0 0 0 0 0 0 0 0 0 0 0 0 0 0 0 0 0 0 0 0
0 0 0 0 0 0 0 0 0 0 0 0 0 0 0 0 0 0 0 0 0 0 0 0 0 0 0 0 0 0 0 0 0 0 0 0 0 0 0 0 0 0 0 0 0 0 0 0 0 0 0 0 0 0 0 0 0 0 0 0 0 0 0 0
0 0 0 0 0 0 0 0 0 0 0 0 0 0 0 0 0 0 0 0 0 0 0 0 0 0 0 0 0 0 0 0 0 0 0 0 0 0 0 0 0 0 0 0 0 0 0 0 0 0 0 0 0 0 0 0 0 0 0 0 0 0 0 0
38 11 0 355 19 0 309 881 950 309 29 5 12 1183 658 851 135 37 52 315 378 435 215 324 33 6 8 1411 760 1297 243 10 45 325 63 576 1214 1417 104 228 181 597 1227 357 2020 1600 75 607 1221 942 1440 239 973 455 486 600 224 818 1005 2681 1875 1853 296 2034
149 29 5 758 21 0 379 1114 1800 566 181 14 22 1545 873 1427 297 180 57 339 428 534 626 1398 38 6 10 1893 1009 1343 321 42 57 377 75 1262 1741 1772 164 872 200 633 1356 436 2152 1667 98 1139 1316 1167 1470 253 950 479 501 697 344 912 1104 2730 1956 2035 434 2629
66 0 0 310 1 0 367 853 811 143 18 0 20 1442 533 829 35 1 35 60 261 432 117 695 17 1 5 1039 554 1084 268 30 27 192 14 440 845 883 104 732 74 291 865 119 830 1397 60 983 853 518 1219 120 727 301 240 420 83 585 822 2106 773 765 232 1441
14 0 0 4 0 0 335 216 216 36 4 5 9 1170 144 388 5 4 20 8 69 315 24 166 16 1 1 320 40 258 218 3 19 150 11 130 158 332 48 389 77 236 627 34 249 1152 36 740 427 322 1112 71 613 192 133 317 9 174 600 1550 438 309 158 707
16 0 0 9 0 0 337 214 303 39 0 0 13 1163 165 197 2 0 12 4 48 275 15 99 10 0 0 312 18 223 172 2 11 70 6 163 204 271 18 321 52 197 554 48 220 1131 2 749 321 305 1140 63 539 146 73 228 4 127 538 1472 433 147 159 603
38 0 0 26 0 0 364 333 394 54 1 0 15 1322 280 353 5 0 9 9 119 334 24 224 16 2 3 651 76 481 172 6 19 69 6 314 399 464 18 432 55 244 755 58 375 1165 6 821 404 438 1189 107 701 241 158 303 22 169 667 1694 534 405 199 802
62 0 0 79 0 0 364 572 586 53 11 0 22 1441 356 461 3 0 2 22 150 401 44 282 15 3 6 598 154 604 175 10 22 72 9 419 532 425 23 573 65 325 1022 91 561 1228 18 935 505 550 1316 141 789 305 216 376 36 258 743 1930 672 639 227 1004
0 0 0 0 0 0 0 0 0 0 0 0 0 0 0 0 0 0 0 0 0 0 0 0 0 0 0 0 0 0 0 0 0 0 0 0 0 0 0 0 0 0 0 0 0 0 0 0 0 0 0 0 0 0 0 0 0 0 0 0 0 0 0 0
0 0 0 0 0 0 0 0 0 0 0 0 0 0 0 0 0 0 0 0 0 0 0 0 0 0 0 0 0 0 0 0 0 0 0 0 0 0 0 0 0 0 0 0 0 0 0 0 0 0 0 0 0 0 0 0 0 0 0 0 0 0 0 0
0 0 0 0 0 0 0 0 0 0 0 0 0 0 0 0 0 0 0 0 0 0 0 0 0 0 0 0 0 0 0 0 0 0 0 0 0 0 0 0 0 0 0 0 0 0 0 0 0 0 0 0 0 0 0 0 0 0 0 0 0 0 0 0
0 0 0 0 0 0 0 0 0 0 0 0 0 0 0 0 0 0 0 0 0 0 0 0 0 0 0 0 0 0 0 0 0 0 0 0 0 0 0 0 0 0 0 0 0 0 0 0 0 0 0 0 0 0 0 0 0 0 0 0 0 0 0 0
0 0 0 0 0 0 0 0 0 0 0 0 0 0 0 0 0 0 0 0 0 0 0 0 0 0 0 0 0 0 0 0 0 0 0 0 6 59 0 173 0 8 17 47 497 738 7 556 97 16 426 21 415 146 72 233 44 9 44 469 258 557 114 347
127 29 0 591 6 0 347 987 1337 247 105 10 16 1441 600 990 172 131 19 180 342 459 228 872 22 6 7 1234 640 1080 260 34 30 301 38 818 1143 1193 91 744 133 474 1207 192 1081 1296 58 1026 709 693 1351 169 919 405 384 537 144 545 924 2463 1482 1421 339 2131
0 0 0 0 0 0 3 0 323 43 0 0 0 87 34 273 3 6 0 0 26 108 0 0 0 0 0 45 37 47 8 0 0 36 0 116 92 255 0 0 50 210 664 48 133 350 4 32 213 344 1099 37 274 129 87 60 31 79 523 1613 436 411 101 444
18 0 0 8 0 0 216 105 77 5 2 0 8 646 118 128 0 0 0 0 17 139 4 35 0 0 0 5 1 149 103 0 1 11 0 20 69 119 0 108 40 122 344 0 16 215 2 300 201 218 482 11 241 77 37 89 7 98 379 939 114 0 111 382
26 0 0 12 0 0 380 440 109 10 2 0 14 1010 216 274 0 0 2 3 43 281 19 169 1 0 5 98 43 241 165 4 3 72 2 146 185 244 8 322 51 202 584 19 124 1091 9 793 227 292 960 91 620 174 81 201 6 105 528 1099 374 109 153 507
0 0 0 0 0 0 0 108 0 0 0 0 0 39 0 33 0 0 0 0 0 5 0 34 0 0 0 0 0 5 72 0 0 0 0 0 0 0 0 178 0 0 0 0 26 747 1 120 0 0 340 26 413 77 42 9 0 0 184 526 280 35 134 240
34 0 0 53 0 0 366 573 240 0 0 0 16 1281 287 335 2 0 2 17 66 300 22 238 1 0 8 122 51 248 181 3 0 39 2 210 268 273 3 330 51 209 561 43 238 1080 3 712 233 352 844 71 615 134 98 134 7 92 402 878 364 90 169 399
86 0 0 198 3 0 379 966 742 105 32 5 22 1442 387 713 28 22 2 83 194 450 101 660 33 4 3 511 208 583 240 33 10 165 11 610 763 550 30 609 64 324 968 136 644 1232 23 1009 425 655 1203 163 890 348 312 371 94 357 766 1749 898 770 250 1277
0 0 0 0 0 0 0 0 0 0 0 0 0 0 0 0 0 0 0 0 0 0 0 0 0 0 0 0 0 0 0 0 0 0 0 0 0 0 0 0 0 0 0 0 0 0 0 0 0 0 0 0 0 0 0 0 0 0 0 0 0 0 0 0
0 0 0 0 0 0 0 0 0 0 0 0 0 0 0 0 0 0 0 0 0 0 0 0 0 0 0 0 0 0 0 0 0 0 0 0 0 0 0 0 0 0 0 0 0 0 0 0 0 0 0 0 0 0 0 0 0 0 0 0 0 0 0 0
0 0 0 0 0 0 0 0 0 0 0 0 0 0 0 0 0 0 0 0 0 0 0 0 0 0 0 0 0 0 0 0 0 0 0 0 0 0 0 0 0 0 0 0 0 0 0 0 0 0 0 0 0 0 0 0 0 0 0 0 0 0 0 0
0 0 0 0 0 0 0 0 0 0 0 0 0 0 0 0 0 0 0 0 0 0 0 0 0 0 0 0 0 0 0 0 0 0 0 0 0 0 0 0 0 0 0 0 0 0 0 0 0 0 0 0 0 0 0 0 0 0 0 0 0 0 0 0
85 19 0 456 20 0 189 602 874 307 108 8 20 604 312 808 109 99 4 153 234 369 211 869 33 6 10 898 437 817 259 28 25 240 30 656 872 708 56 525 139 317 758 212 718 234 36 494 565 547 433 157 485 331 273 343 186 412 719 1207 754 1003 223 1425
92 14 0 499 15 0 364 1088 1022 332 124 6 13 1396 496 999 110 111 14 153 295 443 229 932 31 6 5 969 547 952 251 31 12 228 18 748 1055 924 50 649 67 395 1122 203 931 1238 17 1039 562 653 1364 161 891 344 380 460 168 459 817 2229 1095 1098 274 1959
77 0 0 312 12 0 335 977 738 106 69 4 8 1312 459 831 45 30 8 95 212 348 153 767 25 3 2 728 437 796 218 27 7 185 8 582 855 586 22 511 55 298 1008 116 704 1138 13 997 357 493 1152 142 768 263 312 362 91 352 668 1906 815 857 212 1447
4 0 0 121 0 0 185 931 107 0 0 0 7 296 67 292 3 0 0 7 5 59 0 39 12 0 2 112 38 83 160 1 0 137 4 164 293 204 0 91 47 272 892 17 208 889 4 302 272 449 1229 106 383 173 217 32 53 219 623 1237 537 579 200 444
9 0 0 23 0 0 361 600 123 0 0 0 9 1304 169 186 0 0 2 1 45 297 12 146 2 0 0 28 6 124 172 4 0 19 2 155 164 239 0 250 50 169 546 22 174 1093 7 630 174 376 783 97 610 160 97 173 8 107 397 681 330 73 165 397
19 0 0 67 0 0 373 675 193 0 0 0 16 1311 235 263 6 0 2 12 49 328 32 253 7 1 3 68 39 216 199 11 0 22 6 221 246 262 8 391 51 199 654 38 357 1133 11 784 222 493 917 111 673 191 200 229 26 143 539 902 511 204 202 717
63 0 0 172 0 0 380 917 549 10 10 0 20 1369 341 469 17 4 2 32 116 380 68 521 23 1 6 297 180 392 236 27 1 96 20 426 485 369 25 552 67 302 845 76 528 1182 21 953 395 578 1220 167 788 269 284 346 70 373 661 1579 887 572 240 1012
79 4 0 335 0 0 394 1010 707 38 77 0 20 1478 404 810 53 4 2 76 274 448 132 836 30 4 7 516 316 650 245 34 10 174 13 643 726 442 27 610 75 459 1056 113 712 1228 21 1005 497 683 1420 172 897 310 331 450 139 413 727 1665 969 833 265 1256
0 0 0 0 0 0 0 0 0 0 0 0 0 0 0 0 0 0 0 0 0 0 0 0 0 0 0 0 0 0 0 0 0 0 0 0 0 0 0 0 0 0 0 0 0 0 0 0 0 0 0 0 0 0 0 0 0 0 0 0 0 0 0 0
0 0 0 0 0 0 0 0 0 0 0 0 0 0 0 0 0 0 0 0 0 0 0 0 0 0 0 0 0 0 0 0 0 0 0 0 0 0 0 0 0 0 0 0 0 0 0 0 0 0 0 0 0 0 0 0 0 0 0 0 0 0 0 0
0 0 0 0 0 0 0 0 0 0 0 0 0 0 0 0 0 0 0 0 0 0 0 0 0 0 0 0 0 0 0 0 0 0 0 0 0 0 0 0 0 0 0 0 0 0 0 0 0 0 0 0 0 0 0 0 0 0 0 0 0 0 0 0
0 0 0 0 0 0 0 0 0 0 0 0 0 0 0 0 0 0 0 0 0 0 0 0 0 0 0 0 0 0 0 0 0 0 0 0 0 0 0 0 0 0 0 0 0 0 0 0 0 0 0 0 0 0 0 0 0 0 0 0 0 0 0 0
80 0 0 294 1 0 372 640 712 113 15 3 22 1180 326 569 28 31 4 133 197 293 89 560 16 4 6 702 194 556 217 41 10 191 52 394 610 448 38 350 108 292 715 115 727 887 25 663 443 521 959 101 665 203 287 262 122 364 715 1657 818 708 195 1220
95 0 0 282 3 1 380 942 541 63 14 0 22 1314 348 467 19 11 2 71 154 388 64 500 15 3 2 306 113 514 215 30 0 126 17 421 689 454 37 638 77 344 1049 110 728 1250 20 906 483 701 1364 176 893 268 261 376 166 478 793 1774 1146 798 257 1482
100 0 0 260 0 0 381 965 630 36 13 0 22 1311 354 558 12 7 2 119 178 402 92 596 17 4 3 567 314 682 237 37 1 153 13 499 791 392 26 632 83 359 1094 126 805 1237 18 980 452 702 1378 174 900 268 295 390 104 432 742 1791 981 850 228 1183
77 0 0 178 0 0 387 887 301 11 8 0 22 1248 270 432 1 2 0 47 83 356 47 424 10 0 3 135 197 504 230 29 0 132 7 329 570 298 13 546 63 304 951 72 545 1181 18 940 339 573 1208 151 814 233 226 293 56 294 567 1217 703 466 213 911
27 0 0 28 0 1 387 659 232 2 0 0 12 785 169 197 2 0 2 2 36 268 5 163 7 0 5 57 24 240 200 21 0 85 4 187 241 246 11 385 54 225 655 29 225 1142 8 706 214 406 758 94 664 163 162 136 23 127 406 660 379 141 191 594
63 0 0 19 0 0 375 607 98 0 2 0 12 694 186 194 0 0 0 2 29 237 6 197 2 0 2 19 17 218 201 16 0 71 4 215 212 240 7 399 51 231 635 56 283 1131 14 683 207 397 764 90 662 162 170 132 14 99 366 658 351 101 181 474
73 0 0 107 0 0 388 837 285 8 0 0 18 905 252 347 1 1 2 19 43 341 31 365 2 3 7 115 104 370 218 19 0 122 4 303 460 275 6 473 53 284 815 69 401 1157 17 863 292 544 920 132 747 213 191 227 16 182 462 937 610 370 208 635
95 0 0 208 1 0 395 946 511 39 3 0 22 1013 314 479 7 5 8 185 178 402 58 538 7 4 9 500 358 684 238 36 4 142 6 501 924 521 47 684 56 377 982 93 948 1242 22 942 561 886 1239 162 852 235 233 259 42 582 634 1447 860 579 257 865
0 0 0 0 0 0 0 0 0 0 0 0 0 0 0 0 0 0 0 0 0 0 0 0 0 0 0 0 0 0 0 0 0 0 0 0 0 0 0 0 0 0 0 0 0 0 0 0 0 0 0 0 0 0 0 0 0 0 0 0 0 0 0 0
0 0 0 0 0 0 0 0 0 0 0 0 0 0 0 0 0 0 0 0 0 0 0 0 0 0 0 0 0 0 0 0 0 0 0 0 0 0 0 0 0 0 0 0 0 0 0 0 0 0 0 0 0 0 0 0 0 0 0 0 0 0 0 0
0 0 0 0 0 0 0 0 0 0 0 0 0 0 0 0 0 0 0 0 0 0 0 0 0 0 0 0 0 0 0 0 0 0 0 0 0 0 0 0 0 0 0 0 0 0 0 0 0 0 0 0 0 0 0 0 0 0 0 0 0 0 0 0
0 0 0 0 0 0 0 0 0 0 0 0 0 0 0 0 0 0 0 0 0 0 0 0 0 0 0 0 0 0 0 0 0 0 0 0 0 0 0 0 0 0 0 0 0 0 0 0 0 0 0 0 0 0 0 0 0 0 0 0 0 0 0 0
66 8 1 311 4 0 21 126 398 115 13 3 1 455 157 455 43 41 2 114 206 102 111 263 16 0 0 477 143 287 161 42 5 69 24 327 418 517 92 125 107 253 535 65 479 819 59 139 235 414 661 68 187 86 258 172 99 302 529 512 414 457 208 916
72 0 1 260 0 0 387 942 270 39 9 0 11 1038 415 584 8 37 0 79 83 389 140 598 6 0 3 395 383 703 242 35 2 178 28 402 929 630 31 641 101 327 1003 92 698 1302 29 968 504 702 1290 174 919 249 260 339 92 304 665 1518 855 778 263 1362
29 0 0 32 0 0 11 0 351 37 7 0 0 259 3 0 7 20 0 91 73 35 21 0 10 1 1 60 8 8 0 0 0 53 6 8 122 0 0 82 63 216 1004 55 47 0 0 231 161 333 1161 16 124 0 75 74 12 123 433 647 90 50 49 18
81 0 0 162 0 1 396 878 510 35 8 0 22 815 361 486 7 2 0 34 206 343 104 445 12 1 5 72 302 515 218 25 0 136 9 394 582 291 14 540 72 335 920 73 708 1173 15 927 351 615 1024 133 791 204 203 224 77 213 519 994 619 391 212 841
6 0 0 27 0 0 363 400 58 2 4 0 10 577 160 155 0 0 0 2 40 205 5 135 5 0 5 32 15 190 191 11 0 36 2 151 254 229 4 370 52 219 545 21 135 1083 10 741 207 410 465 71 583 123 108 87 19 98 319 411 323 22 157 261
15 0 0 66 0 0 380 517 43 5 0 0 10 651 212 216 0 0 2 2 16 315 9 254 4 0 5 100 37 228 199 25 0 54 2 212 312 235 3 378 57 249 683 61 282 1123 11 805 254 442 624 84 676 167 162 118 25 109 407 545 363 54 188 443
79 0 0 121 0 0 385 710 285 17 2 0 20 700 237 362 3 1 2 3 48 319 43 354 11 0 5 88 313 394 222 13 3 112 5 336 489 312 7 482 58 338 879 69 562 1141 7 862 348 636 902 107 722 197 190 171 27 142 465 747 577 245 205 610
88 0 0 96 0 0 376 515 302 26 0 0 20 701 239 352 5 2 2 6 18 324 35 360 10 0 7 67 211 468 225 25 0 112 7 306 488 265 0 517 62 307 865 72 518 1166 11 876 329 586 780 123 737 194 206 193 26 186 466 761 606 305 185 611
0 0 0 0 0 0 0 0 0 0 0 0 0 0 0 0 0 0 0 0 0 0 0 0 0 0 0 0 0 0 0 0 0 0 0 0 0 0 0 0 0 0 0 0 0 0 0 0 0 0 0 0 0 0 0 0 0 0 0 0 0 0 0 0
0 0 0 0 0 0 0 0 0 0 0 0 0 0 0 0 0 0 0 0 0 0 0 0 0 0 0 0 0 0 0 0 0 0 0 0 0 0 0 0 0 0 0 0 0 0 0 0 0 0 0 0 0 0 0 0 0 0 0 0 0 0 0 0
0 0 0 0 0 0 0 0 0 0 0 0 0 0 0 0 0 0 0 0 0 0 0 0 0 0 0 0 0 0 0 0 0 0 0 0 0 0 0 0 0 0 0 0 0 0 0 0 0 0 0 0 0 0 0 0 0 0 0 0 0 0 0 0
0 0 0 0 0 0 0 0 0 0 0 0 0 0 0 0 0 0 0 0 0 0 0 0 0 0 0 0 0 0 0 0 0 0 0 0 0 0 0 0 0 0 0 0 0 0 0 0 0 0 0 0 0 0 0 0 0 0 0 0 0 0 0 0
7 0 0 0 0 0 0 16 102 13 1 0 20 884 73 179 7 0 0 4 16 151 19 252 1 0 0 128 154 321 50 15 0 66 1 48 340 219 4 106 101 196 269 29 44 416 6 337 247 237 328 35 352 70 71 23 19 115 332 255 124 118 55 162
3 0 0 0 0 0 24 358 0 0 0 0 0 9 0 24 0 0 0 0 0 3 0 2 0 0 0 0 0 0 4 0 0 27 0 0 21 0 0 0 5 126 276 18 0 0 0 0 0 64 193 69 280 0 0 0 5 23 202 176 199 0 0 141
94 0 0 170 0 0 375 764 341 25 1 0 22 778 281 422 64 5 2 14 27 377 53 475 13 3 5 95 314 518 229 24 0 144 4 404 573 307 11 570 76 351 1053 101 542 1202 19 924 444 804 1146 174 828 223 230 268 36 308 553 1140 849 564 225 1013
32 0 0 5 0 0 365 333 51 0 0 0 13 560 202 218 0 6 0 28 0 205 2 130 2 0 3 49 225 281 208 9 0 79 5 159 269 229 0 439 46 237 786 64 234 1112 0 695 238 452 483 67 475 123 111 93 0 90 322 489 387 116 152 509
54 12 0 185 6 0 354 336 159 102 0 0 4 531 164 174 0 14 0 5 4 157 4 115 0 0 0 16 19 142 174 0 0 23 2 112 162 224 0 271 43 167 618 23 101 1072 0 616 130 302 278 40 460 81 94 64 0 52 175 318 264 34 133 94
40 12 0 105 6 0 359 217 68 25 1 0 5 558 165 177 1 5 0 5 0 195 9 116 0 0 0 20 19 148 179 5 0 18 2 123 159 222 0 268 46 161 553 38 75 1075 0 548 192 358 285 58 450 104 61 64 0 42 184 190 210 16 136 38
68 6 0 112 6 1 389 420 90 27 1 2 20 642 231 256 5 1 2 29 0 286 35 158 0 0 7 42 53 190 192 2 0 48 5 215 271 229 0 343 50 262 645 43 48 1148 0 684 242 531 351 60 548 124 70 96 2 148 393 544 390 26 164 245
76 0 0 2 0 0 341 390 37 0 1 0 4 274 91 84 0 0 0 0 0 84 7 55 0 0 0 3 9 73 119 4 0 34 5 108 146 126 0 387 0 49 308 31 57 894 0 416 54 136 72 23 142 43 24 56 0 7 128 101 110 0 44 2
0 0 0 0 0 0 0 0 0 0 0 0 0 0 0 0 0 0 0 0 0 0 0 0 0 0 0 0 0 0 0 0 0 0 0 0 0 0 0 0 0 0 0 0 0 0 0 0 0 0 0 0 0 0 0 0 0 0 0 0 0 0 0 0
0 0 0 0 0 0 0 0 0 0 0 0 0 0 0 0 0 0 0 0 0 0 0 0 0 0 0 0 0 0 0 0 0 0 0 0 0 0 0 0 0 0 0 0 0 0 0 0 0 0 0 0 0 0 0 0 0 0 0 0 0 0 0 0
0 0 0 0 0 0 0 0 0 0 0 0 0 0 0 0 0 0 0 0 0 0 0 0 0 0 0 0 0 0 0 0 0 0 0 0 0 0 0 0 0 0 0 0 0 0 0 0 0 0 0 0 0 0 0 0 0 0 0 0 0 0 0 0
0 0 0 0 0 0 0 0 0 0 0 0 0 0 0 0 0 0 0 0 0 0 0 0 0 0 0 0 0 0 0 0 0 0 0 0 0 0 0 0 0 0 0 0 0 0 0 0 0 0 0 0 0 0 0 0 0 0 0 0 0 0 0 0
0 2 0 43 0 0 2 155 0 0 0 0 0 41 149 61 0 0 0 1 0 57 1 91 0 0 0 0 2 7 15 0 0 0 0 56 24 88 0 10 15 1 0 0 0 185 0 113 29 2 0 0 182 71 0 0 0 0 9 4 24 0 0 0
72 0 0 179 0 0 370 410 98 37 1 0 20 604 223 259 3 2 2 21 8 252 31 166 0 0 3 55 242 319 202 15 0 60 2 213 317 228 0 387 50 251 828 48 155 1114 4 656 225 505 309 70 544 148 30 84 2 74 298 418 304 14 158 296
101 12 1 355 3 0 375 529 345 157 6 3 18 670 338 491 6 33 2 106 33 297 138 410 6 0 3 243 358 437 218 19 2 103 5 384 609 299 6 484 61 315 939 80 360 1158 18 824 374 623 514 113 663 205 124 122 7 117 370 596 517 482 175 501
72 12 0 162 0 0 370 341 136 42 1 4 11 571 192 295 1 3 0 16 66 198 41 173 5 0 2 36 50 225 193 2 0 43 2 157 280 231 6 262 40 215 640 25 135 1083 0 580 212 414 124 67 501 93 59 71 0 61 246 315 262 46 147 287
49 9 0 64 0 0 352 282 37 31 1 0 13 369 185 171 0 0 0 5 39 81 1 92 0 0 0 64 25 131 181 3 0 5 2 83 103 230 0 196 45 144 511 21 5 1074 0 411 144 342 45 47 460 62 6 1 0 54 153 156 182 3 67 185
25 1 0 30 0 0 323 283 14 21 0 0 15 339 172 167 0 0 0 11 1 67 1 68 0 0 1 60 16 108 171 6 0 4 2 76 85 227 0 135 45 107 494 15 21 1057 4 249 108 294 6 37 410 68 0 0 0 33 128 143 191 0 70 96
68 0 0 70 2 0 262 312 59 8 0 0 11 329 177 168 0 0 0 5 0 68 4 83 0 0 3 35 31 191 184 7 1 0 2 64 121 227 0 153 15 104 483 30 119 1047 5 189 115 319 11 33 436 77 0 0 0 15 69 151 224 82 92 72
39 0 0 146 0 0 340 338 24 6 1 0 20 347 175 194 0 0 2 16 0 114 6 99 0 0 3 44 75 145 180 6 0 6 2 91 181 227 0 169 51 154 592 23 32 1075 0 302 152 358 5 52 476 114 0 26 0 28 177 183 215 0 109 89
0 0 0 0 0 0 0 0 0 0 0 0 0 0 0 0 0 0 0 0 0 0 0 0 0 0 0 0 0 0 0 0 0 0 0 0 0 0 0 0 0 0 0 0 0 0 0 0 0 0 0 0 0 0 0 0 0 0 0 0 0 0 0 0
0 0 0 0 0 0 0 0 0 0 0 0 0 0 0 0 0 0 0 0 0 0 0 0 0 0 0 0 0 0 0 0 0 0 0 0 0 0 0 0 0 0 0 0 0 0 0 0 0 0 0 0 0 0 0 0 0 0 0 0 0 0 0 0
0 0 0 0 0 0 0 0 0 0 0 0 0 0 0 0 0 0 0 0 0 0 0 0 0 0 0 0 0 0 0 0 0 0 0 0 0 0 0 0 0 0 0 0 0 0 0 0 0 0 0 0 0 0 0 0 0 0 0 0 0 0 0 0
0 0 0 0 0 0 0 0 0 0 0 0 0 0 0 0 0 0 0 0 0 0 0 0 0 0 0 0 0 0 0 0 0 0 0 0 0 0 0 0 0 0 0 0 0 0 0 0 0 0 0 0 0 0 0 0 0 0 0 0 0 0 0 0
38 0 0 197 0 0 349 259 76 65 5 1 22 498 197 299 4 24 0 38 0 101 21 278 1 0 5 111 78 217 129 8 0 52 4 207 401 254 9 159 45 170 408 34 107 625 27 300 192 243 100 38 248 105 25 7 12 65 234 368 136 61 75 118
97 0 0 244 4 0 384 433 615 122 5 3 22 623 278 455 14 42 2 118 27 279 40 412 7 0 7 235 309 390 205 14 10 132 7 312 467 335 1 364 99 290 862 69 259 1155 17 607 324 550 269 125 583 168 37 69 25 97 316 520 475 103 130 278
55 0 0 114 0 0 358 348 119 45 0 0 14 523 170 128 6 6 0 33 16 184 37 146 0 0 1 81 214 185 56 12 0 22 2 236 277 206 0 168 16 107 633 51 84 1041 7 482 245 545 160 93 402 173 32 34 5 53 236 284 340 67 61 144
0 2 0 76 0 0 358 252 79 29 0 0 16 354 192 161 0 13 0 17 0 68 41 92 1 0 2 89 87 241 105 0 0 27 4 160 388 337 2 169 28 131 607 7 131 1059 0 258 235 301 72 35 282 110 18 28 0 47 174 163 180 19 88 123
19 1 0 40 0 0 340 239 13 1 0 0 14 273 175 137 0 6 0 3 0 54 27 64 0 0 0 16 10 105 63 0 0 20 2 33 85 227 0 122 23 97 470 3 24 1057 0 287 112 245 11 37 299 105 0 7 0 29 164 134 125 1 45 80
0 0 0 10 0 0 339 195 10 0 0 0 8 241 139 5 0 0 0 0 0 48 3 52 0 0 0 2 3 72 81 0 0 4 4 27 48 216 0 51 26 88 376 8 51 1051 0 149 101 246 3 31 270 89 0 1 0 16 144 125 119 0 43 73
2 0 0 52 0 0 337 241 61 18 0 0 16 273 158 29 0 0 2 3 0 77 10 90 0 0 3 6 13 133 158 6 0 10 2 63 73 227 0 119 30 103 518 39 94 1060 9 177 126 244 23 39 317 106 4 18 0 26 166 201 191 11 67 101
3 0 0 34 0 0 322 243 64 10 0 0 14 270 157 18 0 1 2 2 0 75 15 94 0 0 0 8 21 134 141 1 0 13 2 67 78 226 0 106 28 115 522 25 96 1025 6 204 124 273 44 47 322 100 4 22 0 29 172 205 187 11 56 93
0 0 0 0 0 0 0 0 0 0 0 0 0 0 0 0 0 0 0 0 0 0 0 0 0 0 0 0 0 0 0 0 0 0 0 0 0 0 0 0 0 0 0 0 0 0 0 0 0 0 0 0 0 0 0 0 0 0 0 0 0 0 0 0
0 0 0 0 0 0 0 0 0 0 0 0 0 0 0 0 0 0 0 0 0 0 0 0 0 0 0 0 0 0 0 0 0 0 0 0 0 0 0 0 0 0 0 0 0 0 0 0 0 0 0 0 0 0 0 0 0 0 0 0 0 0 0 0
0 0 0 0 0 0 0 0 0 0 0 0 0 0 0 0 0 0 0 0 0 0 0 0 0 0 0 0 0 0 0 0 0 0 0 0 0 0 0 0 0 0 0 0 0 0 0 0 0 0 0 0 0 0 0 0 0 0 0 0 0 0 0 0
0 0 0 0 0 0 0 0 0 0 0 0 0 0 0 0 0 0 0 0 0 0 0 0 0 0 0 0 0 0 0 0 0 0 0 0 0 0 0 0 0 0 0 0 0 0 0 0 0 0 0 0 0 0 0 0 0 0 0 0 0 0 0 0
63 0 0 154 0 0 316 327 82 21 1 0 20 377 241 379 2 2 2 31 12 169 107 377 0 0 4 53 66 231 160 14 0 17 5 167 149 204 1 223 8 83 349 9 133 698 19 386 120 202 41 18 317 59 26 28 8 22 172 192 221 11 88 159
63 0 0 125 0 0 381 405 106 13 0 0 22 600 260 357 1 2 2 29 3 251 66 283 0 0 5 57 150 271 193 18 0 54 4 226 273 237 1 312 48 242 784 55 142 1092 15 498 232 446 109 63 443 141 29 39 3 81 292 322 323 37 91 187
40 0 0 80 0 0 358 301 110 15 0 0 5 455 185 303 0 2 2 8 3 223 37 220 0 0 0 24 59 193 145 0 0 24 5 110 174 201 0 203 49 161 657 39 126 881 12 363 159 257 48 48 301 117 20 32 0 29 124 219 235 11 78 76
37 0 0 31 0 0 320 133 54 25 0 0 5 189 180 202 4 1 0 8 14 73 13 109 1 0 0 23 50 142 83 1 0 12 2 63 79 386 0 98 28 77 472 10 66 1018 6 250 99 222 32 24 279 63 6 0 8 26 154 137 66 1 18 61
0 0 0 23 0 0 368 192 147 5 0 0 12 342 382 342 29 0 0 2 21 137 18 198 0 0 0 10 59 194 168 1 0 12 2 57 96 479 4 200 42 90 422 8 120 1048 8 374 124 265 33 37 325 81 6 8 1 57 198 178 111 0 6 122
3 0 0 40 0 0 371 215 34 1 0 0 17 367 351 254 30 0 2 7 5 153 26 167 1 0 3 18 21 122 168 3 0 13 2 50 73 294 0 195 30 73 379 12 81 1065 8 331 119 245 14 31 299 96 4 6 0 44 167 173 143 0 0 93
5 0 0 14 0 0 365 208 60 11 0 0 16 336 454 330 17 0 2 12 27 92 23 220 0 0 3 20 43 180 167 4 0 13 2 98 93 411 0 207 44 74 432 24 95 1085 8 285 125 264 29 31 306 92 5 14 0 35 186 218 142 4 2 78
19 2 0 87 0 0 377 293 93 17 0 0 20 388 492 387 8 1 2 17 36 161 42 317 0 0 5 42 101 308 190 9 0 19 2 143 141 478 0 252 48 92 537 22 116 1102 12 342 148 343 66 49 334 119 25 25 0 52 226 278 171 5 10 83
0 0 0 0 0 0 0 0 0 0 0 0 0 0 0 0 0 0 0 0 0 0 0 0 0 0 0 0 0 0 0 0 0 0 0 0 0 0 0 0 0 0 0 0 0 0 0 0 0 0 0 0 0 0 0 0 0 0 0 0 0 0 0 0
0 0 0 0 0 0 0 0 0 0 0 0 0 0 0 0 0 0 0 0 0 0 0 0 0 0 0 0 0 0 0 0 0 0 0 0 0 0 0 0 0 0 0 0 0 0 0 0 0 0 0 0 0 0 0 0 0 0 0 0 0 0 0 0
0 0 0 0 0 0 0 0 0 0 0 0 0 0 0 0 0 0 0 0 0 0 0 0 0 0 0 0 0 0 0 0 0 0 0 0 0 0 0 0 0 0 0 0 0 0 0 0 0 0 0 0 0 0 0 0 0 0 0 0 0 0 0 0
0 0 0 0 0 0 0 0 0 0 0 0 0 0 0 0 0 0 0 0 0 0 0 0 0 0 0 0 0 0 0 0 0 0 0 0 0 0 0 0 0 0 0 0 0 0 0 0 0 0 0 0 0 0 0 0 0 0 0 0 0 0 0 0
5 0 0 30 0 0 25 33 33 15 0 0 0 30 15 36 10 8 0 15 33 24 18 14 2 0 0 60 0 35 0 0 1 11 0 20 8 7 0 2 29 52 62 12 4 3 0 5 90 128 70 3 20 10 16 7 14 70 88 154 81 42 1 69
57 0 0 178 6 0 389 479 136 27 0 0 22 649 579 684 9 17 2 65 63 314 103 520 0 0 7 93 344 760 251 21 0 53 7 251 495 850 55 387 54 205 710 47 193 1196 25 628 217 426 157 70 461 160 90 43 12 72 321 413 305 85 65 422
49 0 0 58 0 0 376 354 59 10 0 0 15 604 497 505 0 0 0 21 18 253 42 308 0 0 3 43 207 409 215 9 0 39 4 179 320 493 2 317 36 171 668 28 121 1102 10 537 188 375 72 57 368 119 60 29 0 62 249 313 226 10 52 105
0 0 0 21 0 0 369 261 16 0 0 0 3 502 373 168 0 0 0 6 3 155 5 99 0 0 0 2 14 153 156 0 0 20 5 63 117 259 0 147 38 74 460 4 8 1068 8 276 107 238 4 31 259 87 0 8 0 15 127 79 109 0 21 43
0 0 0 13 0 0 345 226 5 0 0 0 4 461 194 129 0 0 2 0 0 161 3 67 0 0 0 0 2 136 144 1 0 2 0 24 81 234 0 140 34 56 415 0 3 1076 4 192 100 213 0 26 247 52 0 0 0 11 123 25 45 0 3 1
0 0 0 7 0 0 335 196 16 0 0 0 9 440 161 16 0 0 0 3 0 149 3 51 0 0 0 1 2 117 138 0 0 0 0 23 71 227 0 75 23 33 258 0 0 1057 2 126 81 192 0 19 185 42 0 0 0 4 99 21 35 0 2 0
0 0 0 20 0 0 355 229 50 0 0 0 17 478 173 23 0 0 2 9 0 170 5 74 0 0 3 14 16 132 159 4 0 0 0 42 78 232 0 95 26 47 303 2 0 1057 4 174 87 192 0 22 232 69 21 0 0 9 105 65 77 0 24 0
0 0 0 21 0 0 349 231 53 0 0 0 14 473 166 29 0 0 2 13 0 174 9 77 0 0 2 16 24 133 159 5 0 1 2 32 76 232 0 70 26 41 284 2 0 1059 0 155 76 183 0 19 215 66 21 0 0 24 99 57 57 0 21 0
0 0 0 0 0 0 0 0 0 0 0 0 0 0 0 0 0 0 0 0 0 0 0 0 0 0 0 0 0 0 0 0 0 0 0 0 0 0 0 0 0 0 0 0 0 0 0 0 0 0 0 0 0 0 0 0 0 0 0 0 0 0 0 0
0 0 0 0 0 0 0 0 0 0 0 0 0 0 0 0 0 0 0 0 0 0 0 0 0 0 0 0 0 0 0 0 0 0 0 0 0 0 0 0 0 0 0 0 0 0 0 0 0 0 0 0 0 0 0 0 0 0 0 0 0 0 0 0
0 0 0 0 0 0 0 0 0 0 0 0 0 0 0 0 0 0 0 0 0 0 0 0 0 0 0 0 0 0 0 0 0 0 0 0 0 0 0 0 0 0 0 0 0 0 0 0 0 0 0 0 0 0 0 0 0 0 0 0 0 0 0 0
0 0 0 0 0 0 0 0 0 0 0 0 0 0 0 0 0 0 0 0 0 0 0 0 0 0 0 0 0 0 0 0 0 0 0 0 0 0 0 0 0 0 0 0 0 0 0 0 0 0 0 0 0 0 0 0 0 0 0 0 0 0 0 0
71 0 1 237 8 0 315 238 450 76 2 1 10 374 331 313 32 8 5 29 46 161 94 248 4 1 2 333 220 290 100 18 17 92 37 221 409 173 46 147 82 101 165 48 82 81 35 241 322 379 132 13 22 0 4 12 64 63 206 133 110 3 0 8
104 0 1 354 8 0 403 506 563 169 2 3 20 610 397 590 39 36 13 170 81 294 136 417 4 3 7 398 468 615 263 19 12 100 39 365 713 712 63 354 104 284 726 113 899 1197 31 513 565 628 610 149 690 190 198 110 180 217 469 892 663 577 136 1034
70 0 1 327 8 0 402 553 700 108 5 4 20 705 621 850 109 41 8 208 141 360 196 613 2 2 4 266 638 915 286 20 3 98 32 423 922 793 58 421 91 230 674 109 1006 1338 49 725 337 568 439 133 670 185 241 144 83 91 290 643 850 665 180 1232
7 0 1 163 6 0 368 350 267 24 1 1 14 568 566 538 18 1 0 114 97 237 148 311 1 0 1 185 291 348 220 1 8 32 28 164 478 902 51 216 78 122 509 104 906 1336 18 415 275 312 299 89 520 144 169 86 35 77 184 240 419 259 141 815
0 0 0 2 0 0 347 145 0 0 0 0 6 406 208 124 0 0 0 0 11 119 7 48 0 0 0 25 0 102 96 0 0 3 0 10 71 263 0 92 21 38 274 6 31 1077 4 230 35 65 0 6 247 38 10 0 0 2 90 15 113 31 40 151
0 0 0 6 0 0 344 129 0 0 0 0 8 403 172 100 0 0 0 6 0 119 3 49 0 0 0 7 0 102 97 0 0 11 0 10 59 232 0 104 21 38 240 0 16 1028 6 224 35 63 0 6 227 38 7 0 0 3 81 11 88 5 30 34
0 0 0 51 0 0 361 215 74 0 0 0 18 550 308 166 0 0 2 77 16 204 13 75 0 0 3 11 6 148 152 4 0 24 0 67 112 272 0 184 40 77 337 8 163 1112 8 359 76 228 5 47 355 91 24 22 0 23 162 137 138 40 59 69
0 0 0 24 0 0 373 254 13 0 0 0 22 579 287 174 0 0 2 61 13 252 14 129 0 0 0 31 35 253 191 9 0 13 0 101 149 253 0 240 14 47 403 7 95 1100 11 427 67 222 12 48 359 106 39 25 2 38 160 151 160 15 59 101
0 0 0 0 0 0 0 0 0 0 0 0 0 0 0 0 0 0 0 0 0 0 0 0 0 0 0 0 0 0 0 0 0 0 0 0 0 0 0 0 0 0 0 0 0 0 0 0 0 0 0 0 0 0 0 0 0 0 0 0 0 0 0 0
0 0 0 0 0 0 0 0 0 0 0 0 0 0 0 0 0 0 0 0 0 0 0 0 0 0 0 0 0 0 0 0 0 0 0 0 0 0 0 0 0 0 0 0 0 0 0 0 0 0 0 0 0 0 0 0 0 0 0 0 0 0 0 0
0 0 0 0 0 0 0 0 0 0 0 0 0 0 0 0 0 0 0 0 0 0 0 0 0 0 0 0 0 0 0 0 0 0 0 0 0 0 0 0 0 0 0 0 0 0 0 0 0 0 0 0 0 0 0 0 0 0 0 0 0 0 0 0
0 0 0 0 0 0 0 0 0 0 0 0 0 0 0 0 0 0 0 0 0 0 0 0 0 0 0 0 0 0 0 0 0 0 0 0 0 0 0 0 0 0 0 0 0 0 0 0 0 0 0 0 0 0 0 0 0 0 0 0 0 0 0 0
0 0 0 80 0 0 300 186 37 0 0 0 2 236 239 113 0 0 0 67 11 57 30 148 0 0 3 64 35 220 133 14 0 44 3 132 165 148 21 105 3 76 187 9 95 401 13 186 95 166 38 21 154 59 70 2 20 38 76 88 47 41 76 134
7 0 0 71 0 0 300 180 76 2 1 0 3 537 216 169 0 0 0 61 17 153 23 162 0 0 7 41 116 188 150 10 0 25 4 182 182 267 5 233 50 134 479 10 90 906 13 356 151 290 11 42 405 103 47 29 3 70 183 149 159 9 70 87
0 0 0 26 0 0 364 299 107 2 1 0 14 572 221 212 3 0 2 22 0 230 28 176 0 0 2 23 54 248 192 7 0 20 2 140 175 239 0 201 18 98 344 12 58 1084 10 409 91 202 13 36 302 94 44 18 0 33 120 122 126 2 59 59
0 0 0 15 0 0 380 289 9 0 0 0 14 542 299 189 0 0 0 21 9 203 24 101 0 0 0 0 16 223 180 0 0 16 2 54 150 263 0 208 25 65 448 5 98 1072 10 363 92 198 6 7 285 94 24 14 1 41 121 122 136 19 67 133
0 0 0 3 0 0 363 223 0 0 0 0 7 505 177 126 0 0 0 1 0 158 0 64 0 0 0 0 7 152 155 0 0 6 0 11 70 227 0 144 19 45 355 0 42 1069 8 335 82 125 0 5 242 76 17 12 0 28 93 73 96 1 34 74
0 0 0 0 0 0 373 214 1 0 0 0 9 518 164 115 0 0 0 0 0 147 0 58 0 0 0 0 9 130 149 0 0 0 0 2 41 227 0 132 19 39 324 0 2 1055 8 321 41 82 0 0 228 76 12 11 0 19 96 68 94 0 32 46
0 0 0 1 0 0 375 214 63 7 0 0 16 555 177 133 2 1 0 1 0 188 8 86 0 0 3 210 44 145 170 5 2 0 4 51 55 232 0 184 26 59 458 15 190 1072 10 389 69 135 63 30 293 81 32 13 0 22 122 91 110 34 44 75
0 0 0 11 0 1 398 294 51 0 0 0 20 580 231 197 0 0 2 20 0 235 16 147 0 0 3 20 28 230 187 7 0 2 11 84 135 241 0 218 28 78 406 10 39 1078 10 417 78 190 2 43 290 93 25 18 1 48 151 123 140 12 61 100
0 0 0 0 0 0 0 0 0 0 0 0 0 0 0 0 0 0 0 0 0 0 0 0 0 0 0 0 0 0 0 0 0 0 0 0 0 0 0 0 0 0 0 0 0 0 0 0 0 0 0 0 0 0 0 0 0 0 0 0 0 0 0 0
0 0 0 0 0 0 0 0 0 0 0 0 0 0 0 0 0 0 0 0 0 0 0 0 0 0 0 0 0 0 0 0 0 0 0 0 0 0 0 0 0 0 0 0 0 0 0 0 0 0 0 0 0 0 0 0 0 0 0 0 0 0 0 0
0 0 0 0 0 0 0 0 0 0 0 0 0 0 0 0 0 0 0 0 0 0 0 0 0 0 0 0 0 0 0 0 0 0 0 0 0 0 0 0 0 0 0 0 0 0 0 0 0 0 0 0 0 0 0 0 0 0 0 0 0 0 0 0
0 0 0 0 0 0 0 0 0 0 0 0 0 0 0 0 0 0 0 0 0 0 0 0 0 0 0 0 0 0 0 0 0 0 0 0 0 0 0 0 0 0 0 0 0 0 0 0 0 0 0 0 0 0 0 0 0 0 0 0 0 0 0 0
0 0 0 26 0 0 6 6 4 0 0 0 0 15 48 139 0 0 0 11 10 0 57 38 0 0 0 2 1 4 0 0 0 0 0 0 10 3 0 0 10 2 3 0 9 0 0 2 3 2 2 0 1 1 4 2 2 0 1 12 5 13 0 1
154 9 0 598 6 1 422 835 1368 378 22 3 22 1353 613 860 197 67 48 254 356 437 208 676 5 4 10 1669 889 1330 327 37 30 246 55 477 1182 1454 135 657 150 451 1075 181 1781 1587 75 851 1100 975 1530 210 883 268 337 442 260 804 950 2345 1212 1167 267 1983
154 1 1 528 2 0 402 968 1317 362 15 1 22 1367 593 825 179 62 45 248 351 432 174 684 1 4 4 1587 831 1305 285 28 30 245 55 432 1173 1480 112 643 124 409 1071 177 1757 1529 67 897 1251 1083 1511 199 861 243 304 402 224 833 908 2299 1156 1149 254 1864
144 0 0 266 2 0 372 733 991 224 4 0 20 1229 537 526 153 13 18 188 328 313 77 408 0 4 4 1419 802 1228 259 23 21 61 41 207 808 1395 76 525 83 268 833 105 1234 1415 37 644 957 738 1239 145 663 154 111 218 177 610 571 1562 750 572 150 1223
68 0 0 2 0 0 351 246 164 34 0 0 15 689 172 104 1 0 4 0 49 150 5 80 0 0 2 634 27 365 182 3 3 13 0 54 102 699 0 204 24 100 364 15 167 1109 15 370 512 226 768 68 333 76 0 41 32 468 204 387 129 42 35 272
50 0 0 2 0 0 350 237 63 28 0 0 14 641 176 113 0 0 2 0 7 142 3 83 0 0 0 309 14 272 153 4 4 11 0 38 71 494 1 177 31 80 318 15 79 1070 8 366 365 137 709 47 285 59 0 41 31 445 184 286 115 28 36 102
89 0 0 10 0 0 376 291 205 62 0 0 16 758 309 116 0 0 2 79 85 165 12 110 0 0 3 584 125 398 172 6 4 14 0 71 146 684 8 256 47 124 362 21 324 1142 8 366 437 212 806 76 375 93 5 61 39 539 331 496 208 55 46 449
20 0 0 27 0 0 343 302 198 55 0 0 20 747 240 194 6 0 2 49 95 215 23 195 0 0 6 788 269 203 177 4 0 0 0 70 77 655 7 146 24 132 372 30 636 1177 11 431 568 351 763 48 540 55 66 87 47 161 357 694 161 168 15 674
0 0 0 0 0 0 0 0 0 0 0 0 0 0 0 0 0 0 0 0 0 0 0 0 0 0 0 0 0 0 0 0 0 0 0 0 0 0 0 0 0 0 0 0 0 0 0 0 0 0 0 0 0 0 0 0 0 0 0 0 0 0 0 0
0 0 0 0 0 0 0 0 0 0 0 0 0 0 0 0 0 0 0 0 0 0 0 0 0 0 0 0 0 0 0 0 0 0 0 0 0 0 0 0 0 0 0 0 0 0 0 0 0 0 0 0 0 0 0 0 0 0 0 0 0 0 0 0
0 0 0 0 0 0 0 0 0 0 0 0 0 0 0 0 0 0 0 0 0 0 0 0 0 0 0 0 0 0 0 0 0 0 0 0 0 0 0 0 0 0 0 0 0 0 0 0 0 0 0 0 0 0 0 0 0 0 0 0 0 0 0 0
0 0 0 0 0 0 0 0 0 0 0 0 0 0 0 0 0 0 0 0 0 0 0 0 0 0 0 0 0 0 0 0 0 0 0 0 0 0 0 0 0 0 0 0 0 0 0 0 0 0 0 0 0 0 0 0 0 0 0 0 0 0 0 0
105 12 1 507 8 0 313 551 1236 360 26 4 22 1027 563 792 188 72 47 243 291 284 215 592 10 4 6 1408 601 910 251 31 30 184 53 322 906 1300 128 406 129 338 642 155 1583 1031 77 646 1087 851 1019 126 692 219 306 237 218 555 835 1899 912 724 221 1809
154 7 1 399 5 1 419 676 1210 318 14 1 22 1352 589 622 179 64 11 232 314 423 194 527 1 4 4 1552 856 1196 278 30 26 167 53 353 1016 1440 93 639 138 358 893 145 1696 1556 68 884 1176 964 1491 189 872 220 195 357 248 820 841 2066 980 705 175 1921
152 0 1 263 0 1 397 648 963 222 4 1 18 1128 526 592 158 56 1 206 312 391 141 463 1 4 3 1449 736 1129 256 20 11 85 12 254 990 1373 79 602 93 296 887 110 1552 1501 47 871 1104 831 1484 145 799 192 153 317 203 824 832 1707 873 590 158 1542
96 0 0 19 0 0 380 335 301 46 0 0 13 914 363 156 1 0 0 96 104 276 11 152 0 0 1 795 335 509 189 10 2 35 2 78 276 695 6 346 46 170 539 43 507 1131 12 519 693 391 1182 85 523 135 21 107 92 625 466 830 347 96 63 515
74 0 0 11 0 0 385 303 142 8 0 0 12 742 317 137 0 0 2 93 42 229 7 102 0 0 3 717 239 383 183 3 1 11 0 34 125 600 0 232 46 134 431 9 243 1093 1 416 443 269 1017 81 474 105 8 49 62 496 332 507 309 61 35 488
31 0 0 12 0 0 380 262 29 1 0 0 11 691 213 121 0 0 2 85 56 200 4 78 0 0 3 642 166 328 195 6 0 3 0 39 126 475 2 226 41 104 387 7 319 1095 6 411 471 227 984 68 456 115 26 47 14 485 249 527 248 87 38 520
81 0 0 21 0 0 401 398 292 28 0 0 16 901 376 218 2 0 2 114 168 285 63 173 0 0 5 711 341 562 206 14 4 21 4 112 249 718 9 357 57 203 491 39 763 1200 17 514 607 379 1142 110 581 151 34 97 111 644 472 878 376 192 73 658
110 0 0 72 0 1 408 526 406 65 1 0 20 1117 444 351 2 0 7 125 223 350 92 378 0 0 5 1012 474 886 228 28 6 37 8 193 510 926 11 440 72 238 612 51 1004 1275 29 613 738 519 1249 124 661 176 75 131 134 734 564 1000 489 230 96 778
0 0 0 0 0 0 0 0 0 0 0 0 0 0 0 0 0 0 0 0 0 0 0 0 0 0 0 0 0 0 0 0 0 0 0 0 0 0 0 0 0 0 0 0 0 0 0 0 0 0 0 0 0 0 0 0 0 0 0 0 0 0 0 0
0 0 0 0 0 0 0 0 0 0 0 0 0 0 0 0 0 0 0 0 0 0 0 0 0 0 0 0 0 0 0 0 0 0 0 0 0 0 0 0 0 0 0 0 0 0 0 0 0 0 0 0 0 0 0 0 0 0 0 0 0 0 0 0
0 0 0 0 0 0 0 0 0 0 0 0 0 0 0 0 0 0 0 0 0 0 0 0 0 0 0 0 0 0 0 0 0 0 0 0 0 0 0 0 0 0 0 0 0 0 0 0 0 0 0 0 0 0 0 0 0 0 0 0 0 0 0 0
0 0 0 0 0 0 0 0 0 0 0 0 0 0 0 0 0 0 0 0 0 0 0 0 0 0 0 0 0 0 0 0 0 0 0 0 0 0 0 0 0 0 0 0 0 0 0 0 0 0 0 0 0 0 0 0 0 0 0 0 0 0 0 0
0 0 0 0 0 0 0 0 0 0 0 0 0 0 0 0 0 0 0 0 0 0 0 0 0 0 0 0 0 0 0 0 0 0 0 0 0 0 0 0 0 0 0 0 0 0 0 0 0 0 0 0 0 0 0 0 0 0 0 0 0 0 0 0
126 12 0 317 2 1 326 524 902 282 8 4 22 1113 504 584 146 54 36 223 205 263 140 503 1 0 6 1234 525 796 221 16 22 164 39 215 787 1052 60 459 105 334 649 90 1419 1148 51 720 1014 840 1305 153 683 166 225 300 184 685 686 1629 851 675 148 1399
138 10 0 422 6 1 419 781 1007 253 5 1 20 1343 637 755 135 39 42 228 312 429 216 648 2 4 6 1489 823 1266 313 33 17 157 53 310 993 1404 110 660 119 376 956 129 1644 1523 68 917 1194 1059 1574 166 837 220 226 341 234 806 852 1991 1034 819 245 1805
131 0 0 130 0 1 413 709 452 137 0 2 13 1265 537 614 4 0 1 124 264 370 82 512 4 0 3 1421 600 1130 277 40 3 48 12 239 725 999 27 630 88 303 877 72 1252 1324 27 881 1106 949 1556 141 817 199 169 217 156 784 743 1619 836 501 215 1339
72 0 0 18 0 1 394 484 136 32 0 0 15 805 276 273 0 0 2 20 65 234 20 198 0 0 1 811 322 660 230 17 7 15 5 100 347 674 14 444 56 181 519 27 250 1137 9 683 677 538 1284 95 674 164 48 146 92 629 484 796 350 86 159 474
29 0 0 5 0 1 370 345 98 5 0 0 7 686 183 174 0 0 0 6 13 179 7 138 0 0 0 579 162 424 198 3 1 3 5 43 151 584 1 348 44 125 413 19 55 1084 8 635 381 385 996 56 605 123 26 108 29 322 328 669 266 19 106 329
87 0 0 31 0 1 408 496 344 70 0 0 18 927 269 225 0 0 2 83 143 308 42 230 0 0 1 751 324 577 215 19 7 16 6 115 358 748 15 462 53 163 481 25 276 1181 10 630 574 512 1154 87 653 147 49 159 81 237 412 858 363 115 135 621
117 0 0 172 0 1 414 650 471 103 0 1 22 1105 457 403 2 0 2 115 195 363 79 409 0 0 8 963 446 938 256 25 8 36 9 237 621 935 30 573 70 255 709 53 650 1259 28 775 969 770 1462 133 790 199 109 205 170 801 670 1210 570 494 178 1076
0 0 0 0 0 0 0 0 0 0 0 0 0 0 0 0 0 0 0 0 0 0 0 0 0 0 0 0 0 0 0 0 0 0 0 0 0 0 0 0 0 0 0 0 0 0 0 0 0 0 0 0 0 0 0 0 0 0 0 0 0 0 0 0
0 0 0 0 0 0 0 0 0 0 0 0 0 0 0 0 0 0 0 0 0 0 0 0 0 0 0 0 0 0 0 0 0 0 0 0 0 0 0 0 0 0 0 0 0 0 0 0 0 0 0 0 0 0 0 0 0 0 0 0 0 0 0 0
0 0 0 0 0 0 0 0 0 0 0 0 0 0 0 0 0 0 0 0 0 0 0 0 0 0 0 0 0 0 0 0 0 0 0 0 0 0 0 0 0 0 0 0 0 0 0 0 0 0 0 0 0 0 0 0 0 0 0 0 0 0 0 0
0 0 0 0 0 0 0 0 0 0 0 0 0 0 0 0 0 0 0 0 0 0 0 0 0 0 0 0 0 0 0 0 0 0 0 0 0 0 0 0 0 0 0 0 0 0 0 0 0 0 0 0 0 0 0 0 0 0 0 0 0 0 0 0
3 0 0 116 0 0 12 61 65 15 1 2 15 88 44 4 3 0 0 6 39 52 20 1 0 0 0 61 7 75 103 0 1 0 2 60 105 115 22 180 4 32 212 20 532 553 0 396 184 269 438 11 407 108 77 74 64 185 268 674 130 126 131 691
116 0 0 169 1 0 405 742 507 89 4 0 22 1165 307 379 26 0 0 68 162 342 94 411 0 0 5 922 510 1070 239 33 4 58 15 291 559 915 16 649 89 233 665 81 1099 1217 17 915 987 688 1324 135 813 187 87 202 175 735 705 1183 552 258 201 867
122 0 0 65 0 0 272 606 331 66 0 0 12 839 328 192 9 0 2 85 150 356 59 359 0 0 0 864 331 897 209 17 0 27 6 208 610 761 9 500 64 226 810 50 805 1209 9 889 907 691 1307 113 745 152 101 136 58 643 494 1067 520 160 116 955
64 0 0 21 0 0 279 329 76 0 0 0 3 554 60 115 0 0 0 16 27 190 2 125 0 0 0 390 268 403 156 2 1 20 2 52 241 253 0 279 50 134 252 17 203 815 0 438 425 298 1004 45 481 98 6 113 51 226 299 572 246 43 144 348
18 0 0 2 0 0 303 251 14 0 0 0 1 505 89 128 0 0 0 4 1 140 0 49 0 0 0 354 178 159 107 0 0 0 0 16 115 233 0 116 27 49 266 2 59 782 0 391 71 119 522 22 300 83 0 55 0 12 19 244 142 2 82 68
19 0 0 2 0 0 253 238 5 0 0 0 0 547 137 180 0 0 0 2 0 94 0 70 0 0 0 338 227 118 104 2 0 0 0 10 141 225 0 172 13 56 382 3 52 1019 0 442 128 183 651 19 379 77 7 46 0 17 128 374 166 2 87 119
34 0 0 22 0 0 380 340 12 9 0 0 11 770 188 195 0 4 2 25 10 187 53 144 0 0 0 392 237 270 129 8 0 7 2 79 391 215 4 258 56 140 537 11 84 1058 0 443 188 308 827 31 462 128 7 14 0 39 313 554 210 8 112 76
11 0 0 0 0 0 252 330 10 0 0 0 9 633 203 162 0 0 0 0 0 132 0 95 0 0 0 307 100 175 80 10 0 0 0 68 235 218 0 275 10 110 421 0 71 729 0 454 177 295 799 41 408 54 27 76 8 118 213 342 224 14 22 160
0 0 0 0 0 0 0 0 0 0 0 0 0 0 0 0 0 0 0 0 0 0 0 0 0 0 0 0 0 0 0 0 0 0 0 0 0 0 0 0 0 0 0 0 0 0 0 0 0 0 0 0 0 0 0 0 0 0 0 0 0 0 0 0
0 0 0 0 0 0 0 0 0 0 0 0 0 0 0 0 0 0 0 0 0 0 0 0 0 0 0 0 0 0 0 0 0 0 0 0 0 0 0 0 0 0 0 0 0 0 0 0 0 0 0 0 0 0 0 0 0 0 0 0 0 0 0 0
0 0 0 0 0 0 0 0 0 0 0 0 0 0 0 0 0 0 0 0 0 0 0 0 0 0 0 0 0 0 0 0 0 0 0 0 0 0 0 0 0 0 0 0 0 0 0 0 0 0 0 0 0 0 0 0 0 0 0 0 0 0 0 0
0 0 0 0 0 0 0 0 0 0 0 0 0 0 0 0 0 0 0 0 0 0 0 0 0 0 0 0 0 0 0 0 0 0 0 0 0 0 0 0 0 0 0 0 0 0 0 0 0 0 0 0 0 0 0 0 0 0 0 0 0 0 0 0
0 0 0 0 0 0 0 0 0 0 0 0 0 0 0 0 0 0 0 0 0 0 1 6 0 0 0 0 0 0 0 0 0 3 0 0 21 0 0 0 0 0 0 0 3 0 2 0 0 0 0 0 0 0 0 0 0 0 0 1 11 0 0 3
110 0 0 121 5 0 369 29 107 11 0 3 22 515 186 40 0 2 6 55 115 201 7 4 1 0 0 47 174 222 203 19 0 8 14 27 294 226 27 276 66 202 746 21 15 1077 0 534 374 469 723 61 109 60 59 159 13 206 189 190 306 113 112 398
119 0 0 176 1 1 404 570 357 49 0 0 22 1026 328 369 5 32 2 85 85 339 69 374 0 0 0 775 488 742 249 25 1 35 5 275 586 553 44 555 60 229 820 40 439 1216 12 838 587 553 1274 88 696 162 130 228 56 377 530 809 387 314 198 922
19 0 0 37 0 1 402 478 79 4 0 0 19 636 210 293 5 11 2 1 31 248 21 185 2 0 0 526 295 297 211 8 0 12 0 93 382 239 2 345 58 197 462 22 75 1035 9 514 250 422 778 47 440 121 42 148 10 217 274 462 206 27 152 424
32 0 1 12 0 0 400 400 139 37 0 0 16 726 204 197 7 2 2 4 4 260 20 166 0 0 0 159 241 328 207 3 0 11 5 74 332 231 0 414 55 136 391 24 14 1106 4 646 288 530 780 47 531 126 56 127 12 345 353 450 231 13 128 276
45 0 0 6 0 0 395 306 40 0 0 0 18 623 188 132 0 0 2 0 0 246 4 162 0 0 0 48 187 269 193 0 0 9 5 77 240 228 0 319 55 143 388 20 21 1079 6 571 234 484 576 41 447 121 50 118 0 166 261 181 204 13 102 164
65 0 0 32 0 0 395 296 76 0 0 0 22 673 199 171 0 0 2 39 0 251 2 156 0 0 0 112 231 291 200 10 0 4 4 91 260 229 0 370 55 148 450 19 222 1095 8 611 270 518 702 64 504 122 16 128 9 166 287 369 223 9 110 255
64 0 0 105 2 1 413 426 81 7 0 0 22 687 428 470 14 2 2 9 90 354 15 401 0 0 9 428 281 399 230 14 0 26 5 235 480 251 3 463 56 220 599 28 213 1105 11 716 381 561 1157 89 577 157 60 165 15 267 374 534 464 221 95 284
0 0 0 0 0 0 0 0 0 0 0 0 0 0 0 0 0 0 0 0 0 0 0 0 0 0 0 0 0 0 0 0 0 0 0 0 0 0 0 0 0 0 0 0 0 0 0 0 0 0 0 0 0 0 0 0 0 0 0 0 0 0 0 0
0 0 0 0 0 0 0 0 0 0 0 0 0 0 0 0 0 0 0 0 0 0 0 0 0 0 0 0 0 0 0 0 0 0 0 0 0 0 0 0 0 0 0 0 0 0 0 0 0 0 0 0 0 0 0 0 0 0 0 0 0 0 0 0
0 0 0 0 0 0 0 0 0 0 0 0 0 0 0 0 0 0 0 0 0 0 0 0 0 0 0 0 0 0 0 0 0 0 0 0 0 0 0 0 0 0 0 0 0 0 0 0 0 0 0 0 0 0 0 0 0 0 0 0 0 0 0 0
0 0 0 0 0 0 0 0 0 0 0 0 0 0 0 0 0 0 0 0 0 0 0 0 0 0 0 0 0 0 0 0 0 0 0 0 0 0 0 0 0 0 0 0 0 0 0 0 0 0 0 0 0 0 0 0 0 0 0 0 0 0 0 0
40 0 0 159 0 0 352 298 235 24 14 0 9 702 196 329 0 2 2 6 47 199 74 310 8 0 0 493 60 300 144 19 0 37 34 220 277 66 11 201 41 115 417 48 327 234 16 478 310 368 449 40 393 107 117 55 60 187 256 379 186 214 71 188
106 0 1 118 0 1 415 598 307 49 0 0 22 863 302 372 15 17 6 33 34 386 85 409 2 0 7 665 379 617 283 32 4 93 38 303 619 365 69 590 83 292 793 64 432 1236 27 866 590 660 1282 123 757 220 145 263 148 484 591 874 560 743 214 942
56 0 0 100 0 0 405 596 158 16 2 0 20 829 307 426 8 12 0 35 35 320 100 402 1 0 0 675 400 666 242 25 0 61 22 305 674 393 25 506 66 231 739 120 628 1271 27 908 472 651 1278 125 707 192 141 204 122 430 486 813 506 675 181 782
55 0 0 89 8 0 397 465 257 51 1 1 20 764 242 403 0 12 2 34 77 325 102 301 4 0 0 376 310 518 222 13 8 87 45 390 724 519 53 422 102 237 697 64 458 1217 11 725 583 677 1092 85 670 119 90 147 102 418 479 636 412 441 152 416
29 0 0 5 1 0 388 373 3 4 1 0 16 604 197 270 1 0 2 11 7 239 42 167 2 0 0 20 195 288 217 10 8 15 5 96 396 284 7 359 76 132 355 6 90 1087 8 628 308 470 420 30 486 120 16 106 18 265 300 284 181 77 101 141
31 0 0 4 0 0 368 277 45 0 0 0 6 587 175 192 0 0 2 5 0 199 28 112 0 0 0 13 197 141 189 10 0 1 5 79 144 224 0 269 49 76 258 8 72 1080 8 569 218 436 222 27 398 97 1 79 13 204 229 228 151 65 75 181
2 0 0 9 0 0 386 276 41 3 0 0 20 599 180 202 0 0 2 7 0 233 27 111 0 0 0 15 224 163 190 14 0 5 5 104 140 229 0 322 48 90 300 17 80 1092 8 595 239 462 206 47 401 108 3 76 17 221 276 262 154 62 88 203
21 0 0 27 0 0 405 328 72 5 1 0 22 642 204 256 0 0 2 10 3 303 40 172 0 0 3 61 247 295 217 24 0 7 5 172 281 237 0 401 54 124 398 23 98 1101 9 730 275 523 296 76 447 121 10 130 43 248 365 357 186 53 120 184
0 0 0 0 0 0 0 0 0 0 0 0 0 0 0 0 0 0 0 0 0 0 0 0 0 0 0 0 0 0 0 0 0 0 0 0 0 0 0 0 0 0 0 0 0 0 0 0 0 0 0 0 0 0 0 0 0 0 0 0 0 0 0 0
0 0 0 0 0 0 0 0 0 0 0 0 0 0 0 0 0 0 0 0 0 0 0 0 0 0 0 0 0 0 0 0 0 0 0 0 0 0 0 0 0 0 0 0 0 0 0 0 0 0 0 0 0 0 0 0 0 0 0 0 0 0 0 0
