19 26 0 0 48 0 1 1 7 0 0 0 0 10 0 1 0 0 0 78 53 19 48 48 4 10 52 53 0 2 0 5 19 0 11 0 0 40 3 0 0 0 0 0 0 1 0 0 44 0 0 3 0 8 0 11 0 0 0 0 0 0 0
0 0 0 0 0 0 0 0 0 0 0 0 0 0 0 0 0 0 0 0 0 0 0 0 0 0 0 0 0 0 0 0 0 0 0 0 0 0 0 0 0 0 0 0 0 0 0 0 0 0 0 0 0 0 0 0 0 0 0 0 0 0 0
19 26 0 0 53 0 3 1 7 0 0 0 0 10 0 1 0 0 0 79 60 19 48 50 3 10 52 53 0 2 0 5 19 0 11 0 0 40 3 0 0 0 0 0 0 0 0 0 44 0 0 3 0 8 0 11 0 0 0 0 0 0 0
24 9 0 0 49 0 19 1 7 0 0 0 0 10 0 1 0 0 0 79 90 19 48 33 3 10 52 52 0 0 0 5 17 0 11 0 0 40 3 0 0 0 0 0 0 1 0 0 44 0 0 3 0 8 0 16 0 0 0 0 0 0 0
0 0 0 0 0 0 0 0 0 0 0 0 0 0 0 0 0 0 0 0 0 0 0 0 0 0 0 0 0 0 0 0 0 0 0 0 0 0 0 0 0 0 0 0 0 0 0 0 0 0 0 0 0 0 0 0 0 0 0 0 0 0 0
0 0 0 0 0 0 0 0 0 0 0 0 0 0 0 0 0 0 0 0 0 0 0 0 0 0 0 0 0 0 0 0 0 0 0 0 0 0 0 0 0 0 0 0 0 0 0 0 0 0 0 0 0 0 0 0 0 0 0 0 0 0 0
3 24 0 0 41 0 8 1 6 0 0 0 0 10 0 1 0 0 0 33 64 19 48 47 2 10 52 53 0 2 0 5 19 0 11 0 0 35 3 0 0 0 0 0 0 0 0 0 44 0 0 0 0 8 0 7 0 0 0 0 0 0 0
1 11 0 0 48 0 19 1 6 0 0 0 0 10 0 1 0 0 0 4 54 19 48 16 6 3 45 51 0 0 0 0 19 0 11 0 0 20 0 0 0 0 0 0 0 3 0 0 42 0 0 3 0 4 0 10 0 0 0 0 0 0 0
25 24 0 0 53 0 6 1 0 0 0 0 0 10 0 1 0 0 0 21 70 19 48 50 3 7 43 16 0 2 0 5 17 0 11 0 0 40 0 0 0 0 0 0 0 1 0 0 22 0 0 0 0 0 0 0 0 0 0 0 0 0 0
19 24 0 0 43 0 1 1 6 0 0 0 0 10 0 1 0 0 0 57 47 19 48 58 13 10 52 51 0 2 2 5 19 0 11 0 0 38 3 0 0 0 0 0 0 1 0 0 44 0 0 3 0 8 0 11 0 0 0 0 0 0 0
22 24 0 0 49 0 1 1 7 0 0 0 0 10 0 1 0 0 0 47 56 19 48 54 12 10 52 53 0 2 1 5 19 0 11 0 0 39 3 0 0 0 0 0 0 2 0 0 44 0 0 3 0 8 0 11 0 0 0 0 0 0 0
0 0 0 0 0 0 0 0 0 0 0 0 0 0 0 0 0 0 0 0 0 0 0 0 0 0 0 0 0 0 0 0 0 0 0 0 0 0 0 0 0 0 0 0 0 0 0 0 0 0 0 0 0 0 0 0 0 0 0 0 0 0 0
19 25 0 0 50 0 2 1 6 0 0 0 0 10 0 1 0 0 0 77 59 19 48 50 3 10 52 53 0 1 2 5 19 0 11 0 0 40 3 0 0 0 0 0 0 0 0 0 44 0 0 3 0 8 0 11 0 0 0 0 0 0 0
19 25 0 0 49 0 2 1 7 0 0 0 0 10 0 1 0 0 0 78 61 19 48 46 3 10 52 53 0 1 0 5 19 0 11 0 0 40 3 0 0 0 0 0 0 0 0 0 44 0 0 3 0 8 0 11 0 0 0 0 0 0 0
19 26 0 0 53 0 1 1 6 0 0 0 0 10 0 1 0 0 0 63 69 19 48 49 2 10 52 53 0 1 0 5 19 0 11 0 0 40 3 0 0 0 0 0 0 0 0 0 44 0 0 3 0 8 0 10 0 0 0 0 0 0 0
20 26 0 0 53 0 2 1 6 0 0 0 0 10 0 1 0 0 0 79 80 19 48 52 5 10 52 53 0 2 1 5 19 0 11 0 0 40 3 0 0 0 0 0 0 0 0 0 44 0 0 3 0 8 0 11 0 0 0 0 0 0 0
21 26 0 0 53 0 7 1 6 0 0 0 0 10 0 1 0 0 0 79 88 19 48 54 8 10 52 53 0 2 2 5 19 0 11 0 0 40 3 0 0 0 0 0 0 1 0 0 44 0 0 3 0 8 0 16 0 0 0 0 0 0 0
19 26 0 0 51 0 36 1 7 0 0 0 0 10 0 1 0 0 0 79 95 19 48 54 6 10 52 53 0 2 5 5 19 0 11 0 0 40 3 0 0 0 0 0 0 0 0 0 44 0 0 3 0 8 0 22 0 0 0 0 0 0 0
26 26 0 0 53 0 39 1 7 0 0 0 0 7 0 1 0 0 0 79 7 19 48 59 10 10 52 41 0 2 1 5 19 0 11 0 0 40 3 0 0 0 0 0 0 1 0 0 44 0 0 3 0 8 0 22 0 0 0 0 0 0 0
20 26 0 0 53 0 3 1 7 0 0 0 0 10 0 1 0 0 0 78 84 19 48 53 6 10 52 53 0 2 0 5 19 0 11 0 0 40 3 0 0 0 0 0 0 2 0 0 44 0 0 3 0 8 0 21 0 0 0 0 0 0 0
19 18 0 0 49 0 1 1 6 0 0 0 0 10 0 1 0 0 0 77 68 19 48 43 9 10 52 53 0 2 0 5 19 0 11 0 0 13 3 0 0 0 0 0 0 0 0 0 44 0 0 3 0 8 0 10 0 0 0 0 0 0 0
19 26 0 0 53 0 2 1 7 0 0 0 0 9 0 1 0 0 0 78 45 19 48 48 1 10 46 47 0 1 0 5 19 0 11 0 0 40 3 0 0 0 0 0 0 0 0 0 34 0 0 3 0 8 0 15 0 0 0 0 0 0 0
25 25 0 0 36 0 0 1 5 0 0 0 0 0 0 1 0 0 0 16 17 19 48 43 1 6 27 0 0 1 6 4 4 0 0 0 0 25 0 0 0 0 0 0 0 0 0 0 27 0 0 0 0 0 0 3 0 0 0 0 0 0 0
0 0 0 0 0 0 0 0 0 0 0 0 0 0 0 0 0 0 0 0 0 0 0 0 0 0 0 0 0 0 0 0 0 0 0 0 0 0 0 0 0 0 0 0 0 0 0 0 0 0 0 0 0 0 0 0 0 0 0 0 0 0 0
18 19 0 0 47 0 1 0 5 0 0 0 0 10 0 1 0 0 0 64 60 18 24 50 3 10 52 53 0 0 1 5 19 0 11 0 0 0 3 0 0 0 0 0 0 1 0 0 44 0 0 0 0 8 0 10 0 0 0 0 0 0 0
0 20 0 0 33 0 0 0 6 0 0 0 0 8 0 0 0 0 0 21 46 0 5 31 2 10 52 49 0 0 0 4 19 0 11 0 0 34 2 0 0 0 0 0 0 0 0 0 28 0 0 3 0 0 0 14 0 0 0 0 0 0 0
19 22 0 0 43 0 1 1 7 0 0 0 0 10 0 1 0 0 0 56 58 0 37 39 2 10 52 53 0 0 1 5 19 0 11 0 0 40 3 0 0 0 0 0 0 0 0 0 44 0 0 3 0 8 0 10 0 0 0 0 0 0 0
19 26 0 0 53 0 3 1 7 0 0 0 0 10 0 1 0 0 0 83 78 19 48 52 3 10 52 53 0 2 1 5 19 0 11 0 0 40 3 0 0 0 0 0 0 0 0 0 44 0 0 3 0 8 0 15 0 0 0 0 0 0 0
28 26 0 0 53 0 5 1 7 0 0 0 0 9 0 1 0 0 0 80 84 19 48 38 4 10 52 53 0 0 1 5 19 0 11 0 0 40 3 0 0 0 0 0 0 1 0 0 44 0 0 3 0 8 0 16 0 0 0 0 0 0 0
22 26 0 0 53 0 8 1 6 0 0 0 0 10 0 1 0 0 0 82 81 19 48 52 2 10 52 53 0 2 2 5 19 0 11 0 0 40 3 0 0 0 0 0 0 2 0 0 44 0 0 3 0 8 0 20 0 0 0 0 0 0 0
30 20 0 0 53 0 5 1 7 0 0 0 0 10 0 1 0 0 0 78 105 2 34 60 3 10 52 53 0 2 1 5 19 0 11 0 0 40 3 0 0 0 0 0 0 0 0 0 44 0 0 3 0 8 0 18 0 0 0 0 0 0 0
22 26 0 0 51 0 6 1 7 0 0 0 0 10 0 1 0 0 0 79 109 19 48 62 3 10 52 53 0 2 1 5 19 0 11 0 0 40 3 0 0 0 0 0 0 3 0 0 44 0 0 3 0 8 0 14 0 0 0 0 0 0 0
37 24 0 0 53 0 4 1 7 0 0 0 0 10 0 1 0 0 0 71 89 19 47 66 3 10 2 51 0 2 2 5 19 0 11 0 0 40 3 0 0 0 0 0 0 3 0 0 44 0 0 3 0 8 0 14 0 0 0 0 0 0 0
19 25 0 0 53 0 2 1 7 0 0 0 0 10 0 1 0 0 0 79 74 19 48 54 2 10 52 53 0 2 1 5 19 0 11 0 0 40 3 0 0 0 0 0 0 0 0 0 44 0 0 3 0 8 0 11 0 0 0 0 0 0 0
36 25 0 0 50 0 4 1 7 0 0 0 0 10 0 1 0 0 0 79 63 19 48 47 2 10 52 53 0 2 0 5 19 0 11 0 0 40 3 0 0 0 0 0 0 0 0 0 44 0 0 3 0 8 0 11 0 0 0 0 0 0 0
0 0 0 0 0 0 0 0 0 0 0 0 0 0 0 0 0 0 0 0 0 0 0 0 0 0 0 0 0 0 0 0 0 0 0 0 0 0 0 0 0 0 0 0 0 0 0 0 0 0 0 0 0 0 0 0 0 0 0 0 0 0 0
0 20 0 0 36 0 0 1 6 0 0 0 0 10 0 1 0 0 0 46 40 0 5 32 2 8 52 53 0 0 0 5 19 0 11 0 0 8 3 0 0 0 0 0 0 0 0 0 22 0 0 0 0 3 0 6 0 0 0 0 0 0 0
19 25 0 0 51 0 2 1 7 0 0 0 0 10 0 1 0 0 0 76 64 19 48 50 2 10 52 53 0 2 0 5 19 0 11 0 0 40 3 0 0 0 0 0 0 0 0 0 44 0 0 3 0 8 0 10 0 0 0 0 0 0 0
19 25 0 0 53 0 2 1 7 0 0 0 0 10 0 1 0 0 0 76 63 19 48 45 2 10 52 53 0 2 0 5 19 0 11 0 0 40 3 0 0 0 0 0 0 0 0 0 44 0 0 3 0 8 0 11 0 0 0 0 0 0 0
19 26 0 0 53 0 4 1 7 0 0 0 0 10 0 1 0 0 0 79 85 19 48 52 2 10 52 53 0 2 1 5 19 0 11 0 0 40 3 0 0 0 0 0 0 0 0 0 44 0 0 3 0 8 0 11 0 0 0 0 0 0 0
19 24 0 0 3 0 20 1 7 0 0 0 0 10 0 1 0 0 0 82 69 19 48 48 4 10 52 4 0 0 1 5 19 0 8 0 0 40 3 0 0 0 0 0 0 3 0 0 44 0 0 3 0 8 0 11 0 0 0 0 0 0 0
20 26 0 0 53 0 25 1 7 0 0 0 0 10 0 1 0 0 0 82 101 19 48 66 4 10 52 52 0 2 2 5 19 0 9 0 0 40 3 0 0 0 0 0 0 4 0 0 41 0 0 3 0 8 0 21 0 0 0 0 0 0 0
20 26 0 0 43 0 11 1 6 0 0 0 0 10 0 1 0 0 0 82 71 19 48 57 3 10 52 33 0 2 1 5 19 0 10 0 0 40 3 0 0 0 0 0 0 1 0 0 44 0 0 3 0 8 0 14 0 0 0 0 0 0 0
19 26 0 0 53 0 3 1 7 0 0 0 0 10 0 1 0 0 0 73 61 19 48 60 3 10 52 53 0 2 3 5 19 0 11 0 0 40 3 0 0 0 0 0 0 0 0 0 0 0 0 3 0 8 0 9 0 0 0 0 0 0 0
13 26 0 0 53 0 2 1 7 0 0 0 0 3 0 0 0 0 0 42 92 19 39 48 1 10 13 53 0 2 2 5 19 0 11 0 0 0 3 0 0 0 0 0 0 2 0 0 44 0 0 3 0 8 0 25 0 0 0 0 0 0 0
20 26 0 0 53 0 4 1 7 0 0 0 0 10 0 1 0 0 0 80 73 19 48 60 3 10 52 53 0 2 2 5 19 0 11 0 0 40 3 0 0 0 0 0 0 1 0 0 44 0 0 3 0 8 0 11 0 0 0 0 0 0 0
20 26 0 0 47 0 2 1 7 0 0 0 0 10 0 1 0 0 0 80 68 19 48 58 3 10 52 53 0 1 1 5 19 0 11 0 0 40 3 0 0 0 0 0 0 1 0 0 44 0 0 3 0 8 0 10 0 0 0 0 0 0 0
0 0 0 0 0 0 0 0 0 0 0 0 0 0 0 0 0 0 0 0 0 0 0 0 0 0 0 0 0 0 0 0 0 0 0 0 0 0 0 0 0 0 0 0 0 0 0 0 0 0 0 0 0 0 0 0 0 0 0 0 0 0 0
20 25 0 0 47 0 1 1 7 0 0 0 0 10 0 1 0 0 0 59 64 19 48 53 3 10 52 53 0 2 0 5 19 0 11 0 0 40 3 0 0 0 0 0 0 1 0 0 44 0 0 3 0 8 0 10 0 0 0 0 0 0 0
19 25 0 0 48 0 2 1 7 0 0 0 0 10 0 1 0 0 0 79 56 19 48 46 2 10 52 53 0 2 1 5 19 0 11 0 0 40 3 0 0 0 0 0 0 1 0 0 44 0 0 3 0 8 0 11 0 0 0 0 0 0 0
19 26 0 0 53 0 5 1 7 0 0 0 0 10 0 1 0 0 0 79 82 19 48 43 2 10 52 53 0 2 2 5 19 0 11 0 0 40 3 0 0 0 0 0 0 1 0 0 44 0 0 3 0 8 0 11 0 0 0 0 0 0 0
20 26 0 0 53 0 5 1 7 0 0 0 0 10 0 1 0 0 0 79 81 19 48 51 3 10 52 53 0 2 1 5 19 0 11 0 0 40 3 0 0 0 0 0 0 3 0 0 44 0 0 3 0 8 0 11 0 0 0 0 0 0 0
19 26 0 0 53 0 9 1 7 0 0 0 0 10 0 1 0 0 0 80 85 19 48 58 3 10 52 53 0 2 1 5 19 0 11 0 0 40 3 0 0 0 0 0 0 2 0 0 44 0 0 3 0 8 0 14 0 0 0 0 0 0 0
19 26 0 0 53 0 3 1 7 0 0 0 0 10 0 1 0 0 0 81 97 19 48 56 2 10 51 53 0 2 1 5 19 0 11 0 0 40 3 0 0 0 0 0 0 3 0 0 44 0 0 3 0 8 0 13 0 0 0 0 0 0 0
21 26 0 0 53 0 7 1 0 0 0 0 0 9 0 1 0 0 0 78 51 19 48 47 3 10 52 53 0 2 0 5 17 0 5 0 0 40 3 0 0 0 0 0 0 2 0 0 44 0 0 3 0 8 0 11 0 0 0 0 0 0 0
21 26 0 0 35 0 6 1 6 0 0 0 0 10 0 1 0 0 0 60 91 19 48 48 2 6 6 18 0 2 2 5 19 0 11 0 0 40 1 0 0 0 0 0 0 2 0 0 6 0 0 3 0 7 0 11 0 0 0 0 0 0 0
19 18 0 0 5 0 1 1 0 0 0 0 0 10 0 1 0 0 0 53 50 0 26 36 2 10 51 46 0 0 0 2 12 0 0 0 0 40 3 0 0 0 0 0 0 3 0 0 13 0 0 3 0 8 0 11 0 0 0 0 0 0 0
22 26 0 0 53 0 6 1 7 0 0 0 0 10 0 1 0 0 0 80 82 19 48 61 3 10 52 53 0 2 2 5 19 0 0 0 0 40 3 0 0 0 0 0 0 3 0 0 44 0 0 3 0 8 0 13 0 0 0 0 0 0 0
19 26 0 0 53 0 5 1 7 0 0 0 0 10 0 1 0 0 0 81 65 19 48 49 2 10 51 53 0 2 1 5 19 0 0 0 0 40 3 0 0 0 0 0 0 2 0 0 44 0 0 3 0 8 0 10 0 0 0 0 0 0 0
0 0 0 0 0 0 0 0 0 0 0 0 0 0 0 0 0 0 0 0 0 0 0 0 0 0 0 0 0 0 0 0 0 0 0 0 0 0 0 0 0 0 0 0 0 0 0 0 0 0 0 0 0 0 0 0 0 0 0 0 0 0 0
19 11 0 0 49 0 2 1 7 0 0 0 0 7 0 1 0 0 0 79 3 19 48 40 2 10 52 52 0 0 0 5 15 0 0 0 0 40 3 0 0 0 0 0 0 0 0 0 42 0 0 3 0 8 0 10 0 0 0 0 0 0 0
0 0 0 0 0 0 0 0 0 0 0 0 0 0 0 0 0 0 0 0 0 0 0 0 0 0 0 0 0 0 0 0 0 0 0 0 0 0 0 0 0 0 0 0 0 0 0 0 0 0 0 0 0 0 0 0 0 0 0 0 0 0 0
0 0 0 0 0 0 0 0 0 0 0 0 0 0 0 0 0 0 0 0 0 0 0 0 0 0 0 0 0 0 0 0 0 0 0 0 0 0 0 0 0 0 0 0 0 0 0 0 0 0 0 0 0 0 0 0 0 0 0 0 0 0 0
19 26 0 0 53 0 4 1 7 0 0 0 0 10 0 1 0 0 0 79 74 19 48 46 2 10 52 53 0 2 2 5 12 0 0 0 0 40 3 0 0 0 0 0 0 0 0 0 44 0 0 3 0 8 0 15 0 0 0 0 0 0 0
10 26 0 0 53 0 6 0 7 0 0 0 0 10 0 1 0 0 0 79 113 19 48 59 2 10 52 53 0 2 2 5 12 0 0 0 0 40 3 0 0 0 0 0 0 0 0 0 44 0 0 3 0 8 0 21 0 0 0 0 0 0 0
23 19 0 0 26 0 1 0 7 0 0 0 0 10 0 1 0 0 0 79 81 19 45 7 1 10 15 50 0 2 0 5 12 0 0 0 0 40 3 0 0 0 0 0 0 4 0 0 25 0 0 0 0 8 0 11 0 0 0 0 0 0 0
26 25 0 0 53 0 9 1 7 0 0 0 0 10 0 1 0 0 0 79 99 19 48 54 3 10 52 53 0 2 2 5 15 0 0 0 0 40 3 0 0 0 0 0 0 10 0 0 44 0 0 3 0 8 0 15 0 0 0 0 0 0 0
27 26 0 0 53 0 3 1 6 0 0 0 0 10 0 1 0 0 0 77 76 19 48 47 3 10 52 53 0 2 3 5 12 0 0 0 0 40 3 0 0 0 0 0 0 9 0 0 44 0 0 3 0 8 0 14 0 0 0 0 0 0 0
23 26 0 0 49 0 4 1 6 0 0 0 0 10 0 1 0 0 0 79 75 19 48 47 3 10 51 53 0 2 2 5 11 0 0 0 0 40 3 0 0 0 0 0 0 0 0 0 44 0 0 3 0 8 0 15 0 0 0 0 0 0 0
21 26 0 0 53 0 5 1 6 0 0 0 0 10 0 1 0 0 0 79 73 19 48 55 3 10 52 52 0 2 3 5 12 0 0 0 0 40 3 0 0 0 0 0 0 2 0 0 43 0 0 3 0 8 0 16 0 0 0 0 0 0 0
20 26 0 0 46 0 7 1 7 0 0 0 0 10 0 1 0 0 0 79 70 19 48 49 2 10 52 51 0 2 3 3 12 0 0 0 0 40 3 0 0 0 0 0 0 2 0 0 41 0 0 3 0 8 0 15 0 0 0 0 0 0 0
0 0 0 0 0 0 0 0 0 0 0 0 0 0 0 0 0 0 0 0 0 0 0 0 0 0 0 0 0 0 0 0 0 0 0 0 0 0 0 0 0 0 0 0 0 0 0 0 0 0 0 0 0 0 0 0 0 0 0 0 0 0 0
19 23 0 0 32 0 1 1 6 0 0 0 0 10 0 0 0 0 0 77 42 12 15 19 2 10 52 50 0 1 1 5 12 0 0 0 0 40 3 0 0 0 0 0 0 0 0 0 0 0 0 3 0 8 0 0 0 0 0 0 0 0 0
19 26 0 0 49 0 4 1 7 0 0 0 0 10 0 1 0 0 0 79 75 19 48 44 2 10 52 51 0 2 1 5 12 0 0 0 0 40 3 0 0 0 0 0 0 0 0 0 41 0 0 3 0 8 0 10 0 0 0 0 0 0 0
19 26 0 0 53 0 2 1 7 0 0 0 0 10 0 1 0 0 0 79 72 19 48 43 2 10 52 51 0 2 1 5 12 0 0 0 0 40 3 0 0 0 0 0 0 1 0 0 42 0 0 3 0 8 0 10 0 0 0 0 0 0 0
20 24 0 0 53 0 4 1 7 0 0 0 0 10 0 1 0 0 0 79 108 19 48 50 3 10 52 53 0 2 0 5 12 0 0 0 0 40 3 0 0 0 0 0 0 3 0 0 44 0 0 3 0 8 0 16 0 0 0 0 0 0 0
21 26 0 0 43 0 9 1 6 0 0 0 0 9 0 1 0 0 0 78 93 19 48 53 1 9 52 49 0 2 3 3 12 0 0 0 0 40 3 0 0 0 0 0 0 0 0 0 0 0 0 3 0 8 0 1 0 0 0 0 0 0 0
21 26 0 0 53 0 7 1 6 0 0 0 0 10 0 1 0 0 0 78 84 19 48 44 2 10 52 48 0 0 1 0 12 0 0 0 0 40 3 0 0 0 0 0 0 2 0 0 44 0 0 3 0 8 0 9 0 0 0 0 0 0 0
19 20 0 0 47 0 1 1 7 0 0 0 0 10 0 1 0 0 0 79 99 19 48 46 2 9 52 47 0 2 0 3 12 0 0 0 0 40 3 0 0 0 0 0 0 1 0 0 44 0 0 3 0 8 0 15 0 0 0 0 0 0 0
19 26 0 0 53 0 3 1 7 0 0 0 0 10 0 1 0 0 0 81 115 19 48 61 3 10 52 51 0 2 2 5 12 0 0 0 0 40 3 0 0 0 0 0 0 9 0 0 44 0 0 3 0 8 0 18 0 0 0 0 0 0 0
26 23 0 0 53 0 10 0 7 0 0 0 0 10 0 1 0 0 0 72 113 19 48 48 2 10 52 41 0 2 3 5 12 0 0 0 0 40 3 0 0 0 0 0 0 7 0 0 39 0 0 3 0 8 0 17 0 0 0 0 0 0 0
25 26 0 0 53 0 4 1 7 0 0 0 0 10 0 1 0 0 0 79 86 19 48 53 2 10 52 50 0 2 3 4 12 0 0 0 0 40 3 0 0 0 0 0 0 1 0 0 42 0 0 3 0 8 0 10 0 0 0 0 0 0 0
19 26 0 0 47 0 3 1 7 0 0 0 0 10 0 1 0 0 0 77 69 19 48 40 1 10 52 49 0 2 0 4 12 0 0 0 0 40 3 0 0 0 0 0 0 2 0 0 43 0 0 3 0 8 0 10 0 0 0 0 0 0 0
0 0 0 0 0 0 0 0 0 0 0 0 0 0 0 0 0 0 0 0 0 0 0 0 0 0 0 0 0 0 0 0 0 0 0 0 0 0 0 0 0 0 0 0 0 0 0 0 0 0 0 0 0 0 0 0 0 0 0 0 0 0 0
19 26 0 0 50 0 1 1 6 0 0 0 0 10 0 1 0 0 0 77 68 19 48 32 2 10 52 48 0 1 1 3 12 0 0 0 0 40 3 0 0 0 0 0 0 0 0 0 37 0 0 3 0 8 0 10 0 0 0 0 0 0 0
0 0 0 0 0 0 0 0 0 0 0 0 0 0 0 0 0 0 0 0 0 0 0 0 0 0 0 0 0 0 0 0 0 0 0 0 0 0 0 0 0 0 0 0 0 0 0 0 1 0 0 0 0 0 0 4 0 0 0 0 0 0 0
19 26 0 0 53 0 3 1 7 0 0 0 0 10 0 1 0 0 0 73 82 19 48 50 2 10 52 49 0 2 1 5 12 0 0 0 0 40 3 0 0 0 0 0 0 0 0 0 40 0 0 3 0 8 0 10 0 0 0 0 0 0 0
19 26 0 0 53 0 6 1 7 0 0 0 0 10 0 1 0 0 0 76 93 19 48 34 2 10 52 52 0 2 1 4 12 0 0 0 0 40 3 0 0 0 0 0 0 4 0 0 41 0 0 3 0 8 0 17 0 0 0 0 0 0 0
42 26 0 0 53 0 14 1 7 0 0 0 0 10 0 1 0 0 0 76 120 19 48 65 3 10 52 52 0 2 3 5 12 0 0 0 0 40 3 0 0 0 0 0 0 9 0 0 44 0 0 3 0 8 0 22 0 0 0 0 0 0 0
69 26 0 0 53 0 10 1 7 0 0 0 0 10 0 1 0 0 0 81 120 19 48 58 4 10 52 52 0 2 1 5 12 0 0 0 0 40 3 0 0 0 0 0 0 8 0 0 44 0 0 3 0 8 0 20 0 0 0 0 0 0 0
27 26 0 0 53 0 1 1 7 0 0 0 0 7 0 1 0 0 0 77 65 19 48 63 6 10 52 49 0 2 2 2 12 0 0 0 0 40 3 0 0 0 0 0 0 1 0 0 43 0 0 3 0 8 0 24 0 0 0 0 0 0 0
78 26 0 0 49 0 16 1 6 0 0 0 0 4 0 1 0 0 0 29 89 19 42 61 11 10 49 48 0 2 3 3 12 0 0 0 0 28 3 0 0 0 0 0 0 0 0 0 5 0 0 3 0 8 0 18 0 0 0 0 0 0 0
18 0 0 0 31 0 0 0 0 0 0 0 0 7 0 0 0 0 0 8 47 0 0 0 1 0 46 0 0 0 0 0 12 0 0 0 0 0 3 0 0 0 0 0 0 0 0 0 0 0 0 0 0 0 0 4 0 0 0 0 0 0 0
26 25 0 0 45 0 2 1 6 0 0 0 0 10 0 1 0 0 0 57 72 19 48 36 2 10 52 49 0 0 1 2 12 0 0 0 0 40 3 0 0 0 0 0 0 2 0 0 27 0 0 3 0 8 0 14 0 0 0 0 0 0 0
67 25 0 0 32 0 23 0 6 0 0 0 0 7 0 0 0 0 0 62 61 19 48 52 11 10 52 48 0 1 1 1 12 0 0 0 0 40 3 0 0 0 0 0 0 1 0 0 33 0 0 3 0 8 0 10 0 0 0 0 0 0 0
0 0 0 0 0 0 0 0 0 0 0 0 0 0 0 0 0 0 0 0 0 0 0 0 0 0 0 0 0 0 0 0 0 0 0 0 0 0 0 0 0 0 0 0 0 0 0 0 0 0 0 0 0 0 0 0 0 0 0 0 0 0 0
19 26 0 0 45 0 3 1 7 0 0 0 0 10 0 1 0 0 0 53 82 19 48 37 1 10 46 49 0 1 0 2 12 0 0 0 0 40 3 0 0 0 0 0 0 0 0 0 30 0 0 3 0 8 0 16 0 0 0 0 0 0 0
19 9 0 0 0 0 0 0 0 0 0 0 0 0 0 0 0 0 0 0 0 0 0 0 0 0 0 0 0 0 0 0 0 0 0 0 0 0 0 0 0 0 0 0 0 0 0 0 3 0 0 0 0 0 0 3 0 0 0 0 0 0 0
20 26 0 0 50 0 2 1 6 0 0 0 0 10 0 1 0 0 0 42 75 19 48 28 2 10 46 49 0 2 1 2 12 0 0 0 0 40 3 0 0 0 0 0 0 1 0 0 35 0 0 3 0 8 0 14 0 0 0 0 0 0 0
22 26 0 0 53 0 9 1 7 0 0 0 0 10 0 1 0 0 0 69 84 19 48 39 5 10 47 52 0 2 1 3 12 0 0 0 0 40 3 0 0 0 0 0 0 5 0 0 35 0 0 3 0 8 0 18 0 0 0 0 0 0 0
19 26 0 0 53 0 11 1 7 0 0 0 0 10 0 1 0 0 0 77 108 19 48 41 3 10 47 52 0 2 3 3 12 0 1 0 0 40 3 0 0 0 0 0 0 5 0 0 35 0 0 3 0 8 0 21 0 0 0 0 0 0 0
28 26 0 0 53 0 22 1 7 0 0 0 0 10 0 1 0 0 0 77 120 19 48 61 6 10 52 53 0 2 11 3 19 0 1 0 0 40 3 0 0 0 0 0 0 25 0 0 38 0 0 3 0 8 0 26 0 0 0 0 0 0 0
24 26 0 0 53 0 11 1 6 0 0 0 0 10 0 1 0 0 0 78 115 19 48 56 7 10 52 53 0 2 4 4 14 0 1 0 0 40 3 0 0 0 0 0 0 4 0 0 39 0 0 3 0 8 0 18 0 0 0 0 0 0 0
28 26 0 0 53 0 13 1 7 0 0 0 0 10 0 1 0 0 0 77 131 19 48 60 9 10 52 52 0 2 11 4 17 0 1 0 0 40 3 0 0 0 0 0 0 27 0 0 40 0 0 3 0 8 0 25 0 0 0 0 0 0 0
23 26 0 0 53 0 4 1 6 0 0 0 0 10 0 1 0 0 0 77 101 19 48 45 2 10 48 50 0 2 0 3 12 0 0 0 0 40 3 0 0 0 0 0 0 11 0 0 35 0 0 3 0 8 0 19 0 0 0 0 0 0 0
21 17 0 0 53 0 3 1 6 0 0 0 0 10 0 1 0 0 0 78 107 18 48 51 2 10 24 37 0 2 1 3 0 0 0 0 0 40 3 0 0 0 0 0 0 0 0 0 30 0 0 3 0 8 0 11 0 0 0 0 0 0 0
19 26 0 0 50 0 3 1 6 0 0 0 0 3 0 1 0 0 0 51 88 19 48 38 2 10 46 49 0 2 2 3 12 0 0 0 0 40 3 0 0 0 0 0 0 1 0 0 34 0 0 3 0 8 0 12 0 0 0 0 0 0 0
0 0 0 0 0 0 0 0 0 0 0 0 0 0 0 0 0 0 0 0 0 0 0 0 0 0 0 0 0 0 0 0 0 0 0 0 0 0 0 0 0 0 0 0 0 0 0 0 0 0 0 0 0 0 0 0 0 0 0 0 0 0 0
19 26 0 0 48 0 1 1 7 0 0 0 0 10 0 1 0 0 0 68 41 19 48 30 1 10 46 49 0 2 2 2 12 0 0 0 0 40 3 0 0 0 0 0 0 0 0 0 35 0 0 3 0 8 0 10 0 0 0 0 0 0 0
19 26 0 0 41 0 1 1 6 0 0 0 0 10 0 1 0 0 0 64 76 19 48 36 2 10 46 49 0 2 1 3 12 0 0 0 0 40 3 0 0 0 0 0 0 0 0 0 37 0 0 3 0 8 0 8 0 0 0 0 0 0 0
15 25 0 0 52 0 3 1 7 0 0 0 0 10 0 1 0 0 0 74 87 19 48 32 2 10 49 50 0 2 1 2 12 0 0 0 0 40 3 0 0 0 0 0 0 0 0 0 37 0 0 3 0 8 0 12 0 0 0 0 0 0 0
17 26 0 0 53 0 3 1 7 0 0 0 0 10 0 1 0 0 0 69 100 19 48 38 3 10 50 48 0 2 1 2 12 0 1 0 0 40 3 0 0 0 0 0 0 0 0 0 40 0 0 3 0 8 0 18 0 0 0 0 0 0 0
28 26 0 0 53 0 19 0 1 0 0 0 0 10 0 1 0 0 0 77 98 19 48 21 3 9 49 52 0 0 0 0 13 0 0 0 0 40 3 0 0 0 0 0 0 3 0 0 44 0 0 3 0 8 0 21 0 0 0 0 0 0 0
4 26 0 0 53 0 2 1 6 0 0 0 0 10 0 1 0 0 0 73 70 19 48 35 7 10 47 48 0 2 1 2 15 0 1 0 0 40 3 0 0 0 0 0 0 6 0 0 37 0 0 3 0 8 0 20 0 0 0 0 0 0 0
20 26 0 0 53 0 22 1 6 0 0 0 0 10 0 1 0 0 0 74 106 19 48 53 10 10 46 52 0 2 1 3 16 0 1 0 0 40 3 0 0 0 0 0 0 4 0 0 41 0 0 3 0 8 0 24 0 0 0 0 0 0 0
21 26 0 0 53 0 17 1 7 0 0 0 0 10 0 1 0 0 0 77 92 19 48 51 4 10 46 52 0 2 2 3 13 0 0 0 0 40 3 0 0 0 0 0 0 3 0 0 44 0 0 3 0 8 0 16 0 0 0 0 0 0 0
26 26 0 0 53 0 7 1 6 0 0 0 0 10 0 1 0 0 0 71 81 19 48 52 2 10 45 48 0 2 1 3 12 0 0 0 0 40 3 0 0 0 0 0 0 2 0 0 44 0 0 3 0 8 0 15 0 0 0 0 0 0 0
24 26 0 0 53 0 5 1 6 0 0 0 0 10 0 1 0 0 0 60 76 19 48 48 4 10 44 51 0 2 2 3 12 0 0 0 0 40 3 0 0 0 0 0 0 2 0 0 41 0 0 3 0 8 0 18 0 0 0 0 0 0 0
19 26 0 0 49 0 6 1 6 0 0 0 0 10 0 1 0 0 0 59 80 19 48 40 3 10 45 48 0 2 1 3 12 0 0 0 0 40 3 0 0 0 0 0 0 0 0 0 42 0 0 3 0 8 0 13 0 0 0 0 0 0 0
0 0 0 0 0 0 0 0 0 0 0 0 0 0 0 0 0 0 0 0 0 0 0 0 0 0 0 0 0 0 0 0 0 0 0 0 0 0 0 0 0 0 0 0 0 0 0 0 0 0 0 0 0 0 0 0 0 0 0 0 0 0 0
16 26 0 0 47 0 2 1 6 0 0 0 0 10 0 1 0 0 0 67 70 19 48 33 2 10 40 48 0 1 0 1 12 0 0 0 0 40 3 0 0 0 0 0 0 1 0 0 43 0 0 3 0 8 0 12 0 0 0 0 0 0 0
19 26 0 0 50 0 4 1 7 0 0 0 0 10 0 1 0 0 0 66 71 19 48 30 3 10 40 48 0 2 0 1 12 0 0 0 0 40 3 0 0 0 0 0 0 1 0 0 42 0 0 3 0 8 0 10 0 0 0 0 0 0 0
21 26 0 0 53 0 2 1 7 0 0 0 0 10 0 1 0 0 0 67 81 19 48 30 3 10 40 48 0 2 1 3 12 0 0 0 0 39 3 0 0 0 0 0 0 0 0 0 42 0 0 3 0 8 0 14 0 0 0 0 0 0 0
19 26 0 0 53 0 5 1 7 0 0 0 0 10 0 1 0 0 0 73 82 19 48 50 3 10 42 52 0 2 2 4 12 0 0 0 0 40 3 0 0 0 0 0 0 2 0 0 44 0 0 3 0 8 0 10 0 0 0 0 0 0 0
30 26 0 0 53 0 9 1 5 0 0 0 0 10 0 0 0 0 0 72 86 7 15 0 7 10 40 52 0 1 0 2 17 0 0 0 0 40 3 0 0 0 0 0 0 0 0 0 40 0 0 3 0 8 0 21 0 0 0 0 0 0 0
23 26 0 0 53 0 9 1 7 0 0 0 0 10 0 1 0 0 0 73 96 19 48 56 5 10 42 52 0 2 2 4 12 0 0 0 0 40 3 0 0 0 0 0 0 7 0 0 40 0 0 3 0 8 0 16 0 0 0 0 0 0 0
16 26 0 0 48 0 13 1 7 0 0 0 0 10 0 1 0 0 0 57 94 19 32 52 5 10 40 51 0 2 1 3 14 0 0 0 0 40 3 0 0 0 0 0 0 5 0 0 40 0 0 3 0 8 0 28 0 0 0 0 0 0 0
25 26 0 0 53 0 12 1 7 0 0 0 0 10 0 1 0 0 0 73 92 19 23 47 10 10 42 52 0 2 1 4 17 0 0 0 0 40 3 0 0 0 0 0 0 6 0 0 41 0 0 3 0 8 0 18 0 0 0 0 0 0 0
3 26 0 0 53 0 7 1 6 0 0 0 0 7 0 1 0 0 0 66 71 8 16 54 5 10 19 48 0 1 0 3 9 0 0 0 0 40 3 0 0 0 0 0 0 0 0 0 38 0 0 3 0 8 0 18 0 0 0 0 0 0 0
44 10 0 0 0 0 8 1 1 0 0 0 0 0 0 0 0 0 0 0 64 1 0 0 0 0 1 35 0 0 0 0 0 0 0 0 0 0 0 0 0 0 0 0 0 0 0 0 23 0 0 0 0 8 0 32 0 0 0 0 0 0 0
9 26 0 0 46 0 1 1 7 0 0 0 0 10 0 1 0 0 0 64 63 10 14 40 2 10 38 51 0 2 1 4 12 0 0 0 0 40 3 0 0 0 0 0 0 0 0 0 38 0 0 3 0 8 0 10 0 0 0 0 0 0 0
0 0 0 0 0 0 0 0 0 0 0 0 0 0 0 0 0 0 0 0 0 0 0 0 0 0 0 0 0 0 0 0 0 0 0 0 0 0 0 0 0 0 0 0 0 0 0 0 0 0 0 0 0 0 0 0 0 0 0 0 0 0 0
2 26 0 0 47 0 3 1 7 0 0 0 0 10 0 1 0 0 0 67 66 0 14 36 3 10 32 49 0 1 2 2 12 0 0 0 0 40 3 0 0 0 0 0 0 0 0 0 40 0 0 3 0 8 0 10 0 0 0 0 0 0 0
1 26 0 0 51 0 2 1 7 0 0 0 0 10 0 1 0 0 0 63 65 0 14 33 3 10 40 52 0 2 3 1 12 0 0 0 0 40 3 0 0 0 0 0 0 0 0 0 36 0 0 3 0 8 0 10 0 0 0 0 0 0 0
1 26 0 0 47 0 3 1 7 0 0 0 0 10 0 1 0 0 0 61 73 0 14 37 3 10 38 49 0 2 2 4 12 0 0 0 0 40 3 0 0 0 0 0 0 2 0 0 36 0 0 3 0 8 0 10 0 0 0 0 0 0 0
3 26 0 0 53 0 6 1 6 0 0 0 0 10 0 1 0 0 0 65 77 0 14 37 6 10 40 52 0 2 0 4 12 0 0 0 0 40 3 0 0 0 0 0 0 0 0 0 41 0 0 3 0 8 0 11 0 0 0 0 0 0 0
12 26 0 0 53 0 9 1 7 0 0 0 0 10 0 1 0 0 0 71 99 5 16 56 6 10 42 51 0 2 2 4 12 0 0 0 0 40 3 0 0 0 0 0 0 4 0 0 41 0 0 3 0 8 0 22 0 0 0 0 0 0 0
16 26 0 0 53 0 8 1 7 0 0 0 0 10 0 1 0 0 0 71 115 7 18 62 14 10 38 52 0 2 2 4 15 0 1 0 0 40 3 0 0 0 0 0 0 12 0 0 38 0 0 3 0 8 0 15 0 0 0 0 0 0 0
13 21 0 0 53 0 10 1 7 0 0 0 0 10 0 1 0 0 0 69 117 0 14 59 14 10 43 52 0 2 4 4 15 0 0 0 0 40 3 0 0 0 0 0 0 16 0 0 41 0 0 3 0 8 0 22 0 0 0 0 0 0 0
0 24 0 0 8 0 1 1 6 0 0 0 0 7 0 1 0 0 0 62 62 0 14 14 0 9 39 47 0 1 0 0 9 0 0 0 0 40 3 0 0 0 0 0 0 0 0 0 35 0 0 3 0 8 0 11 0 0 0 0 0 0 0
0 26 0 0 41 0 9 1 6 0 0 0 0 7 0 1 0 0 0 6 68 0 9 39 5 10 46 51 0 0 0 2 14 0 1 0 0 0 3 0 0 0 0 0 0 6 0 0 36 0 0 3 0 8 0 14 0 0 0 0 0 0 0
1 26 0 0 42 0 5 1 7 0 0 0 0 10 0 1 0 0 0 47 66 0 14 44 5 10 40 52 0 2 2 4 12 0 0 0 0 40 3 0 0 0 0 0 0 1 0 0 38 0 0 3 0 8 0 11 0 0 0 0 0 0 0
1 26 0 0 33 0 1 1 7 0 0 0 0 10 0 1 0 0 0 60 64 0 14 39 4 10 40 49 0 2 2 0 12 0 0 0 0 40 3 0 0 0 0 0 0 1 0 0 40 0 0 3 0 8 0 11 0 0 0 0 0 0 0
0 0 0 0 0 0 0 0 0 0 0 0 0 0 0 0 0 0 0 0 0 0 0 0 0 0 0 0 0 0 0 0 0 0 0 0 0 0 0 0 0 0 0 0 0 0 0 0 0 0 0 0 0 0 0 0 0 0 0 0 0 0 0
2 26 0 0 51 0 1 1 7 0 0 0 0 10 0 1 0 0 0 62 57 0 14 39 4 10 45 50 0 2 2 3 12 0 0 0 0 40 3 0 0 0 0 0 0 1 0 0 39 0 0 3 0 8 0 10 0 0 0 0 0 0 0
0 26 0 0 49 0 1 1 7 0 0 0 0 5 0 1 0 0 0 62 82 5 20 51 4 10 46 50 0 2 0 4 12 0 0 0 0 40 3 0 0 0 0 0 0 3 0 0 41 0 0 3 0 8 0 19 0 0 0 0 0 0 0
2 26 0 0 53 0 8 1 7 0 0 0 0 10 0 1 0 0 0 61 57 0 14 42 3 10 45 48 0 2 2 3 12 0 0 0 0 40 3 0 0 0 0 0 0 0 0 0 38 0 0 3 0 8 0 14 0 0 0 0 0 0 0
10 0 0 0 0 0 3 0 6 0 0 0 0 10 0 0 0 0 0 47 44 0 9 0 1 2 44 1 0 2 1 0 1 0 0 0 0 30 3 0 0 0 0 0 0 3 0 0 0 0 0 3 0 8 0 13 0 0 0 0 0 0 0
0 0 0 0 0 0 0 0 0 0 0 0 0 0 0 0 0 0 0 2 0 0 0 0 0 0 42 0 0 0 0 0 0 0 0 0 0 0 0 0 0 0 0 0 0 0 0 0 33 0 0 0 0 0 0 11 0 0 0 0 0 0 0
3 26 0 0 53 0 4 1 7 0 0 0 0 10 0 1 0 0 0 39 95 1 10 48 6 10 46 51 0 2 1 4 14 0 0 0 0 35 3 0 0 0 0 0 0 1 0 0 15 0 0 3 0 8 0 6 0 0 0 0 0 0 0
0 3 0 0 53 0 12 1 7 0 0 0 0 10 0 1 0 0 0 46 69 1 5 73 7 10 46 52 0 0 0 3 14 0 1 0 0 0 3 0 0 0 0 0 0 5 0 0 41 0 0 0 0 8 0 28 0 0 0 0 0 0 0
3 26 0 0 51 0 8 1 6 0 0 0 0 10 0 1 0 0 0 57 63 2 18 48 6 9 46 48 0 2 1 3 12 0 0 0 0 40 3 0 0 0 0 0 0 0 0 0 41 0 0 3 0 8 0 19 0 0 0 0 0 0 0
1 26 0 0 53 0 9 1 7 0 0 0 0 10 0 1 0 0 0 68 55 0 14 44 5 10 46 52 0 2 0 4 12 0 0 0 0 40 3 0 0 0 0 0 0 5 0 0 38 0 0 3 0 8 0 14 0 0 0 0 0 0 0
0 25 0 0 53 0 1 0 6 0 0 0 0 5 0 0 0 0 0 21 32 0 5 52 1 6 41 33 0 0 2 4 12 0 1 0 0 40 3 0 0 0 0 0 0 0 0 0 41 0 0 3 0 0 0 21 0 0 0 0 0 0 0
10 26 0 0 49 0 5 1 7 0 0 0 0 9 0 1 0 0 0 35 44 0 14 35 5 9 36 50 0 1 2 3 12 0 0 0 0 40 3 0 0 0 0 0 0 2 0 0 40 0 0 3 0 8 0 10 0 0 0 0 0 0 0
0 0 0 0 0 0 0 0 0 0 0 0 0 0 0 0 0 0 0 0 0 0 0 0 0 0 0 0 0 0 0 0 0 0 0 0 0 0 0 0 0 0 0 0 0 0 0 0 0 0 0 0 0 0 0 0 0 0 0 0 0 0 0
4 26 0 0 52 0 1 1 7 0 0 0 0 9 0 1 0 0 0 34 38 0 14 37 3 9 30 49 0 2 3 3 12 0 1 0 0 40 3 0 0 0 0 0 0 2 0 0 40 0 0 3 0 8 0 10 0 0 0 0 0 0 0
4 26 0 0 52 0 2 1 7 0 0 0 0 7 0 1 0 0 0 23 37 0 14 32 3 10 32 48 0 2 2 3 12 0 0 0 0 40 3 0 0 0 0 0 0 1 0 0 38 0 0 3 0 8 0 10 0 0 0 0 0 0 0
0 26 0 0 53 0 5 1 7 0 0 0 0 10 0 1 0 0 0 30 43 0 14 36 4 11 32 50 0 1 2 2 12 0 0 0 0 40 3 0 0 0 0 0 0 0 0 0 38 0 0 3 0 8 0 11 0 0 0 0 0 0 0
6 26 0 0 53 0 4 1 7 0 0 0 0 10 0 1 0 0 0 76 35 0 14 44 4 11 32 48 0 2 2 2 12 0 0 0 0 40 3 0 0 0 0 0 0 4 0 0 38 0 0 3 0 8 0 18 0 0 0 0 0 0 0
16 26 0 0 53 0 11 1 7 0 0 0 0 10 0 1 0 0 0 78 79 7 20 61 6 11 32 53 0 2 1 3 12 0 5 0 0 40 3 0 0 0 0 0 0 3 0 0 41 0 0 3 0 8 0 19 0 0 0 0 0 0 0
28 26 0 0 53 0 16 1 7 0 0 0 0 10 0 1 0 0 0 76 118 16 21 89 7 11 37 52 0 2 6 4 14 0 3 0 0 40 3 0 0 0 0 0 0 9 0 0 43 0 0 3 0 8 0 18 0 0 0 0 0 0 0
15 26 0 0 49 0 5 1 7 0 0 0 0 10 0 1 0 0 0 59 102 0 15 39 9 11 32 52 0 2 2 5 12 0 0 0 0 40 3 0 0 0 0 0 0 0 0 0 32 0 0 3 0 8 0 10 0 0 0 0 0 0 0
7 26 0 0 53 0 8 1 6 0 0 0 0 10 0 0 0 0 0 63 87 2 16 17 12 11 32 22 0 0 1 1 12 0 1 0 0 40 3 0 0 0 0 0 0 6 0 0 35 0 0 0 0 8 0 10 0 0 0 0 0 0 0
0 26 0 0 31 0 1 1 6 0 0 0 0 9 0 1 0 0 0 30 62 13 16 73 11 9 38 52 0 0 6 3 14 0 5 0 0 3 1 0 0 0 0 0 0 0 0 0 0 0 0 3 0 0 0 0 0 0 0 0 0 0 0
10 26 0 0 53 0 12 1 7 0 0 0 0 10 0 1 0 0 0 66 75 0 14 51 7 11 32 51 0 2 0 3 12 0 0 0 0 40 3 0 0 0 0 0 0 4 0 0 39 0 0 3 0 7 0 13 0 0 0 0 0 0 0
7 26 0 0 50 0 5 1 6 0 0 0 0 10 0 1 0 0 0 71 53 0 14 41 6 11 32 43 0 2 2 4 12 0 0 0 0 40 3 0 0 0 0 0 0 2 0 0 26 0 0 3 0 8 0 15 0 0 0 0 0 0 0
0 0 0 0 0 0 0 0 0 0 0 0 0 0 0 0 0 0 0 0 0 0 0 0 0 0 0 0 0 0 0 0 0 0 0 0 0 0 0 0 0 0 0 0 0 0 0 0 0 0 0 0 0 0 0 0 0 0 0 0 0 0 0
1 26 0 0 51 0 3 1 6 0 0 0 0 10 0 1 0 0 0 73 49 0 14 40 4 11 32 48 0 1 2 4 12 0 1 0 0 40 3 0 0 0 0 0 0 2 0 0 39 0 0 3 0 8 0 11 0 0 0 0 0 0 0
2 26 0 0 51 0 3 1 6 0 0 0 0 9 0 1 0 0 0 75 30 0 14 43 4 11 32 51 0 2 2 4 12 0 0 0 0 39 3 0 0 0 0 0 0 0 0 0 37 0 0 3 0 8 0 11 0 0 0 0 0 0 0
2 26 0 0 53 0 1 1 6 0 0 0 0 10 0 1 0 0 0 78 47 0 14 39 4 11 32 52 0 2 1 3 12 0 0 0 0 40 3 0 0 0 0 0 0 1 0 0 38 0 0 3 0 8 0 11 0 0 0 0 0 0 0
13 26 0 0 53 0 10 1 7 0 0 0 0 10 0 1 0 0 0 89 77 2 16 53 5 11 32 52 0 2 2 4 13 0 1 0 0 40 3 0 0 0 0 0 0 4 0 0 41 0 0 3 0 8 0 22 0 0 0 0 0 0 0
10 26 0 0 53 0 7 1 7 0 0 0 0 10 0 1 0 0 0 82 76 1 14 38 4 11 32 52 0 2 0 3 13 0 1 0 0 40 3 0 0 0 0 0 0 0 0 0 39 0 0 3 0 6 0 14 0 0 0 0 0 0 0
0 26 0 0 53 0 3 1 7 0 0 0 0 10 0 1 0 0 0 45 60 1 14 31 3 8 31 22 0 0 0 1 12 0 0 0 0 40 3 0 0 0 0 0 0 0 0 0 35 0 0 3 0 8 0 7 0 0 0 0 0 0 0
11 26 0 0 53 0 8 1 7 0 0 0 0 10 0 1 0 0 0 87 87 3 17 57 5 11 32 51 0 2 2 4 12 0 0 0 0 40 3 0 0 0 0 0 0 5 0 0 39 0 0 3 0 8 0 18 0 0 0 0 0 0 0
6 25 0 0 53 0 10 1 7 0 0 0 0 10 0 1 0 0 0 88 103 3 14 51 4 11 32 49 0 2 1 3 12 0 0 0 0 39 3 0 0 0 0 0 0 6 0 0 41 0 0 3 0 8 0 11 0 0 0 0 0 0 0
1 26 0 0 53 0 5 1 6 0 0 0 0 10 0 1 0 0 0 71 56 0 14 50 5 11 31 48 0 2 1 3 12 0 0 0 0 40 3 0 0 0 0 0 0 0 0 0 40 0 0 3 0 8 0 11 0 0 0 0 0 0 0
1 26 0 0 51 0 4 1 7 0 0 0 0 10 0 1 0 0 0 76 51 0 14 47 4 10 31 50 0 2 2 4 12 0 0 0 0 40 3 0 0 0 0 0 0 2 0 0 36 0 0 3 0 8 0 11 0 0 0 0 0 0 0
2 26 0 0 52 0 3 1 7 0 0 0 0 10 0 1 0 0 0 69 43 0 14 49 4 11 31 48 0 2 1 4 12 0 1 0 0 40 3 0 0 0 0 0 0 1 0 0 40 0 0 3 0 8 0 11 0 0 0 0 0 0 0
0 0 0 0 0 0 0 0 0 0 0 0 0 0 0 0 0 0 0 0 0 0 0 0 0 0 0 0 0 0 0 0 0 0 0 0 0 0 0 0 0 0 0 0 0 0 0 0 0 0 0 0 0 0 0 0 0 0 0 0 0 0 0
4 26 0 0 46 0 2 1 7 0 0 0 0 10 0 1 0 0 0 43 43 0 14 50 4 11 32 48 0 2 2 4 12 0 0 0 0 40 3 0 0 0 0 0 0 1 0 0 36 0 0 3 0 8 0 11 0 0 0 0 0 0 0
1 26 0 0 48 0 1 1 7 0 0 0 0 10 0 1 0 0 0 29 31 0 14 45 4 11 32 51 0 2 2 3 12 0 0 0 0 40 3 0 0 0 0 0 0 1 0 0 38 0 0 3 0 8 0 11 0 0 0 0 0 0 0
8 26 0 0 52 0 2 1 6 0 0 0 0 10 0 1 0 0 0 32 40 0 15 32 3 11 32 52 0 2 1 3 12 0 0 0 0 40 3 0 0 0 0 0 0 1 0 0 42 0 0 3 0 8 0 14 0 0 0 0 0 0 0
14 26 0 0 53 0 5 1 7 0 0 0 0 10 0 1 0 0 0 35 66 5 16 52 4 11 32 52 0 2 3 4 12 0 1 0 0 40 3 0 0 0 0 0 0 3 0 0 44 0 0 3 0 8 0 16 0 0 0 0 0 0 0
5 26 0 0 53 0 2 1 7 0 0 0 0 10 0 1 0 0 0 33 63 3 18 46 4 11 32 52 0 2 2 4 12 0 0 0 0 40 3 0 0 0 0 0 0 1 0 0 26 0 0 3 0 8 0 17 0 0 0 0 0 0 0
1 26 0 0 53 0 2 1 7 0 0 0 0 9 0 1 0 0 0 32 50 1 18 44 4 11 32 52 0 2 1 4 12 0 0 0 0 40 2 0 0 0 0 0 0 1 0 0 43 0 0 3 0 8 0 12 0 0 0 0 0 0 0
9 26 0 0 44 0 5 1 7 0 0 0 0 10 0 1 0 0 0 40 70 4 17 60 5 11 34 52 0 2 3 4 12 0 0 0 0 40 3 0 0 0 0 0 0 9 0 0 35 0 0 3 0 8 0 16 0 0 0 0 0 0 0
7 26 0 0 52 0 1 1 7 0 0 0 0 10 0 1 0 0 0 29 74 3 14 57 4 11 32 52 0 2 1 3 12 0 1 0 0 40 3 0 0 0 0 0 0 0 0 0 11 0 0 3 0 8 0 12 0 0 0 0 0 0 0
15 26 0 0 53 0 4 1 7 0 0 0 0 10 0 1 0 0 0 33 63 5 16 61 5 11 34 32 0 2 3 4 12 0 1 0 0 40 3 0 0 0 0 0 0 8 0 0 14 0 0 3 0 8 0 16 0 0 0 0 0 0 0
5 26 0 0 53 0 4 1 7 0 0 0 0 10 0 1 0 0 0 17 40 0 13 51 3 10 32 50 0 2 2 4 12 0 0 0 0 40 3 0 0 0 0 0 0 2 0 0 1 0 0 3 0 8 0 6 0 0 0 0 0 0 0
9 26 0 0 53 0 3 1 7 0 0 0 0 10 0 1 0 0 0 6 37 1 12 52 4 11 32 50 0 2 2 4 12 0 1 0 0 40 3 0 0 0 0 0 0 5 0 0 4 0 0 3 0 8 0 8 0 0 0 0 0 0 0
0 0 0 0 0 0 0 0 0 0 0 0 0 0 0 0 0 0 0 0 0 0 0 0 0 0 0 0 0 0 0 0 0 0 0 0 0 0 0 0 0 0 0 0 0 0 0 0 0 0 0 0 0 0 0 0 0 0 0 0 0 0 0
2 26 0 0 45 0 1 1 7 0 0 0 0 8 0 1 0 0 0 20 24 0 12 44 4 11 31 48 0 1 2 4 12 0 0 0 0 40 3 0 0 0 0 0 0 1 0 0 1 0 0 3 0 8 0 6 0 0 0 0 0 0 0
0 26 0 0 38 0 2 1 7 0 0 0 0 7 0 1 0 0 0 20 32 0 10 47 4 11 30 48 0 2 2 3 12 0 1 0 0 40 3 0 0 0 0 0 0 0 0 0 1 0 0 3 0 8 0 6 0 0 0 0 0 0 0
0 26 0 0 37 0 4 1 7 0 0 0 0 5 0 1 0 0 0 17 17 0 11 43 4 11 30 4 0 2 1 3 12 0 1 0 0 40 3 0 0 0 0 0 0 0 0 0 1 0 0 3 0 8 0 6 0 0 0 0 0 0 0
4 26 0 0 51 0 6 1 7 0 0 0 0 9 0 1 0 0 0 28 45 2 14 49 4 11 32 52 0 2 1 4 12 0 1 0 0 40 3 0 0 0 0 0 0 1 0 0 1 0 0 3 0 8 0 14 0 0 0 0 0 0 0
6 26 0 0 49 0 5 1 7 0 0 0 0 10 0 1 0 0 0 33 44 3 14 47 3 11 32 52 0 2 1 4 12 0 1 0 0 40 3 0 0 0 0 0 0 3 0 0 1 0 0 3 0 8 0 13 0 0 0 0 0 0 0
28 26 0 0 53 0 7 1 7 0 0 0 0 10 0 1 0 0 0 37 73 3 14 54 3 10 34 52 0 2 2 4 12 0 1 0 0 40 2 0 0 0 0 0 0 6 0 0 4 0 0 3 0 8 0 19 0 0 0 0 0 0 0
21 24 0 0 52 0 2 1 7 0 0 0 0 10 0 1 0 0 0 42 48 3 16 58 3 11 34 50 0 2 2 4 12 0 1 0 0 40 2 0 0 0 0 0 0 5 0 0 1 0 0 3 0 8 0 15 0 0 0 0 0 0 0
9 26 0 0 53 0 6 1 7 0 0 0 0 8 0 1 0 0 0 37 62 0 13 53 3 10 32 52 0 2 1 4 12 0 1 0 0 40 3 0 0 0 0 0 0 4 0 0 1 0 0 3 0 8 0 15 0 0 0 0 0 0 0
2 26 0 0 48 0 8 1 7 0 0 0 0 9 0 1 0 0 0 18 60 4 15 47 3 10 21 48 0 2 1 4 12 0 1 0 0 40 0 0 0 0 0 0 0 1 0 0 4 0 0 3 0 8 0 7 0 0 0 0 0 0 0
8 26 0 0 45 0 4 1 7 0 0 0 0 10 0 1 0 0 0 40 62 0 11 48 3 10 24 48 0 2 2 4 12 0 1 0 0 40 0 0 0 0 0 0 0 4 0 0 1 0 0 3 0 8 0 8 0 0 0 0 0 0 0
9 26 0 0 31 0 2 1 7 0 0 0 0 10 0 1 0 0 0 27 51 0 10 40 2 10 26 49 0 2 2 3 12 0 1 0 0 40 0 0 0 0 0 0 0 1 0 0 1 0 0 3 0 8 0 6 0 0 0 0 0 0 0
0 0 0 0 0 0 0 0 0 0 0 0 0 0 0 0 0 0 0 0 0 0 0 0 0 0 0 0 0 0 0 0 0 0 0 0 0 0 0 0 0 0 0 0 0 0 0 0 0 0 0 0 0 0 0 0 0 0 0 0 0 0 0
1 26 0 0 39 0 1 1 7 0 0 0 0 10 0 1 0 0 0 25 53 0 10 43 4 10 20 48 0 2 3 2 12 0 0 0 0 40 0 0 0 0 0 0 0 1 0 0 1 0 0 3 0 8 0 6 0 0 0 0 0 0 0
2 26 0 0 49 0 1 1 7 0 0 0 0 7 0 1 0 0 0 22 55 0 9 48 4 10 20 49 0 2 3 4 12 0 0 0 0 40 0 0 0 0 0 0 0 0 0 0 1 0 0 3 0 8 0 6 0 0 0 0 0 0 0
8 26 0 0 53 0 4 1 7 0 0 0 0 10 0 1 0 0 0 22 77 4 15 57 4 10 25 50 0 2 3 3 12 0 0 0 0 40 0 0 0 0 0 0 0 2 0 0 2 0 0 3 0 8 0 6 0 0 0 0 0 0 0
15 26 0 0 53 0 10 1 7 0 0 0 0 10 0 1 0 0 0 30 99 5 16 57 7 10 26 52 0 2 5 4 12 0 3 0 0 40 0 0 0 0 0 0 0 8 0 0 1 0 0 3 0 8 0 23 0 0 0 0 0 0 0
10 26 0 0 53 0 6 1 7 0 0 0 0 10 0 1 0 0 0 25 93 5 16 54 5 10 19 51 0 2 2 4 12 0 1 0 0 40 0 0 0 0 0 0 0 1 0 0 7 0 0 3 0 8 0 14 0 0 0 0 0 0 0
16 26 0 0 53 0 5 1 7 0 0 0 0 10 0 1 0 0 0 41 92 5 16 57 7 10 24 52 0 2 4 4 12 0 3 0 0 40 0 0 0 0 0 0 0 10 0 0 6 0 0 3 0 8 0 25 0 0 0 0 0 0 0
2 26 0 0 53 0 3 1 7 0 0 0 0 10 0 1 0 0 0 23 65 4 16 52 4 10 17 50 0 2 2 4 12 0 0 0 0 40 0 0 0 0 0 0 0 2 0 0 1 0 0 3 0 8 0 12 0 0 0 0 0 0 0
10 26 0 0 32 0 6 1 7 0 0 0 0 10 0 1 0 0 0 36 54 4 14 57 3 6 15 50 0 2 2 4 12 0 1 0 0 40 0 0 0 0 0 0 0 0 0 0 1 0 0 3 0 8 0 16 0 0 0 0 0 0 0
0 26 0 0 32 0 1 1 7 0 0 0 0 10 0 1 0 0 0 20 58 2 12 47 3 10 11 52 0 2 3 3 12 0 0 0 0 40 0 0 0 0 0 0 0 1 0 0 1 0 0 3 0 1 0 6 0 0 0 0 0 0 0
2 26 0 0 29 0 1 1 7 0 0 0 0 10 0 1 0 0 0 23 51 2 12 49 3 10 10 48 0 2 3 3 11 0 0 0 0 40 0 0 0 0 0 0 0 1 0 0 1 0 0 3 0 0 0 6 0 0 0 0 0 0 0
5 24 0 0 43 0 3 1 7 0 0 0 0 10 0 1 0 0 0 26 72 1 11 54 3 10 11 48 0 2 3 4 12 0 1 0 0 40 0 0 0 0 0 0 0 3 0 0 1 0 0 3 0 0 0 6 0 0 0 0 0 0 0
0 0 0 0 0 0 0 0 0 0 0 0 0 0 0 0 0 0 0 0 0 0 0 0 0 0 0 0 0 0 0 0 0 0 0 0 0 0 0 0 0 0 0 0 0 0 0 0 0 0 0 0 0 0 0 0 0 0 0 0 0 0 0
2 26 0 0 48 0 2 1 7 0 0 0 0 10 0 1 0 0 0 23 40 0 11 44 3 10 13 48 0 2 2 3 12 0 1 0 0 40 0 0 0 0 0 0 0 1 0 0 1 0 0 3 0 0 0 6 0 0 0 0 0 0 0
1 26 0 0 48 0 1 1 7 0 0 0 0 8 0 1 0 0 0 25 42 0 10 43 3 10 10 48 0 2 3 2 12 0 0 0 0 40 0 0 0 0 0 0 0 2 0 0 1 0 0 3 0 0 0 6 0 0 0 0 0 0 0
16 26 0 0 53 0 5 1 7 0 0 0 0 10 0 1 0 0 0 25 75 5 14 58 5 10 14 52 0 2 4 4 12 0 2 0 0 40 1 0 0 0 0 0 0 7 0 0 1 0 0 3 0 0 0 12 0 0 0 0 0 0 0
6 26 0 0 53 0 6 1 7 0 0 0 0 10 0 1 0 0 0 24 53 3 14 43 5 10 18 52 0 2 2 3 12 0 1 0 0 40 0 0 0 0 0 0 0 1 0 0 1 0 0 3 0 0 0 11 0 0 0 0 0 0 0
19 26 0 0 32 0 9 1 7 0 0 0 0 9 0 1 0 0 0 23 86 4 20 55 10 10 22 52 0 2 3 4 12 0 2 0 0 40 1 0 0 0 0 0 0 6 0 0 1 0 0 3 0 0 0 14 0 0 0 0 0 0 0
13 26 0 0 53 0 7 1 7 0 0 0 0 10 0 1 0 0 0 30 71 5 23 53 6 10 20 31 0 2 1 4 12 0 1 0 0 40 1 0 0 0 0 0 0 3 0 0 0 0 0 3 0 0 0 12 0 0 0 0 0 0 0
7 26 0 0 53 0 2 1 7 0 0 0 0 10 0 1 0 0 0 22 68 5 12 45 11 3 3 50 0 2 3 4 7 0 1 0 0 40 0 0 0 0 0 0 0 8 0 0 1 0 0 3 0 0 0 8 0 0 0 0 0 0 0
2 26 0 0 46 0 9 1 7 0 0 0 0 10 0 1 0 0 0 23 65 5 22 49 12 7 4 48 0 2 5 4 0 0 1 0 0 38 1 0 0 0 0 0 0 7 0 0 1 0 0 3 0 0 0 20 0 0 0 0 0 0 0
21 26 0 0 53 0 9 1 7 0 0 0 0 10 0 1 0 0 0 28 77 5 17 53 3 10 8 51 0 2 2 4 12 0 1 0 0 40 1 0 0 0 0 0 0 3 0 0 1 0 0 3 0 2 0 16 0 0 0 0 0 0 0
3 26 0 0 36 0 2 0 7 0 0 0 0 2 0 1 0 0 0 20 24 0 1 40 4 4 2 49 0 2 2 3 12 0 1 0 0 40 0 0 0 0 0 0 0 0 0 0 1 0 0 3 0 0 0 9 0 0 0 0 0 0 0
8 26 0 0 34 0 4 1 7 0 0 0 0 9 0 1 0 0 0 26 13 3 11 50 3 5 11 48 0 2 1 3 12 0 0 0 0 40 0 0 0 0 0 0 0 3 0 0 1 0 0 3 0 2 0 5 0 0 0 0 0 0 0
0 0 0 0 0 0 0 0 0 0 0 0 0 0 0 0 0 0 0 0 0 0 0 0 0 0 0 0 0 0 0 0 0 0 0 0 0 0 0 0 0 0 0 0 0 0 0 0 0 0 0 0 0 0 0 0 0 0 0 0 0 0 0
14 26 0 0 49 0 2 1 7 0 0 0 0 9 0 1 0 0 0 37 53 3 12 53 12 6 28 51 0 2 2 4 12 0 0 0 0 40 0 0 0 0 0 0 0 0 0 0 1 0 0 3 0 0 0 6 0 0 0 0 0 0 0
0 19 0 0 31 0 7 0 6 0 0 0 0 8 0 0 0 0 0 17 23 0 6 16 4 2 4 16 0 1 0 1 0 0 0 0 0 39 0 0 0 0 0 0 0 0 0 0 1 0 0 3 0 0 0 5 0 0 0 0 0 0 0
4 26 0 0 53 0 3 1 7 0 0 0 0 10 0 1 0 0 0 24 49 3 12 42 8 6 10 52 0 2 2 3 12 0 0 0 0 40 0 0 0 0 0 0 0 0 0 0 1 0 0 3 0 0 0 10 0 0 0 0 0 0 0
4 26 0 0 53 0 4 1 7 0 0 0 0 10 0 1 0 0 0 36 58 5 16 44 5 6 19 52 0 2 3 4 12 0 0 0 0 40 0 0 0 0 0 0 0 0 0 0 1 0 0 3 0 0 0 6 0 0 0 0 0 0 0
11 26 0 0 53 0 5 1 7 0 0 0 0 10 0 1 0 0 0 36 72 8 18 47 9 5 15 52 0 2 2 4 12 0 1 0 0 40 0 0 0 0 0 0 0 0 0 0 1 0 0 3 0 2 0 10 0 0 0 0 0 0 0
30 26 0 0 53 0 4 1 7 0 0 0 0 5 0 1 0 0 0 36 82 6 18 52 3 5 28 52 0 2 3 3 12 0 1 0 0 40 1 0 0 0 0 0 0 7 0 0 1 0 0 3 0 0 0 10 0 0 0 0 0 0 0
24 26 0 0 53 0 28 1 7 0 0 0 0 10 0 0 0 0 0 35 34 10 18 54 9 5 30 52 0 0 5 3 12 0 1 0 0 40 0 0 0 0 0 0 0 8 0 0 1 0 0 3 0 2 0 9 0 0 0 0 0 0 0
1 25 0 0 49 0 17 0 7 0 0 0 0 0 0 1 0 0 0 21 2 1 11 36 2 2 0 16 0 2 0 0 0 0 0 0 0 40 0 0 0 0 0 0 0 0 0 0 0 0 0 0 0 0 0 8 0 0 0 0 0 0 0
5 26 0 0 51 0 2 1 7 0 0 0 0 10 0 1 0 0 0 27 62 6 18 52 3 5 6 52 0 2 5 4 12 0 0 0 0 40 0 0 0 0 0 0 0 1 0 0 1 0 0 3 0 0 0 9 0 0 0 0 0 0 0
21 26 0 0 52 0 2 1 7 0 0 0 0 9 0 0 0 0 0 26 70 8 14 55 5 5 14 52 0 2 4 3 12 0 1 0 0 40 0 0 0 0 0 0 0 10 0 0 1 0 0 3 0 0 0 10 0 0 0 0 0 0 0
9 26 0 0 50 0 2 1 7 0 0 0 0 9 0 1 0 0 0 27 54 6 15 41 3 5 7 50 0 2 2 3 12 0 0 0 0 40 0 0 0 0 0 0 0 0 0 0 1 0 0 3 0 0 0 6 0 0 0 0 0 0 0
0 0 0 0 0 0 0 0 0 0 0 0 0 0 0 0 0 0 0 0 0 0 0 0 0 0 0 0 0 0 0 0 0 0 0 0 0 0 0 0 0 0 0 0 0 0 0 0 0 0 0 0 0 0 0 0 0 0 0 0 0 0 0
8 26 0 0 47 0 2 1 7 0 0 0 0 4 0 0 0 0 0 27 29 1 9 50 4 3 6 49 0 2 3 4 12 0 1 0 0 40 0 0 0 0 0 0 0 1 0 0 1 0 0 3 0 2 0 7 0 0 0 0 0 0 0
2 26 0 0 44 0 2 1 7 0 0 0 0 5 0 0 0 0 0 25 15 0 9 42 3 2 3 49 0 2 2 4 12 0 1 0 0 40 0 0 0 0 0 0 0 0 0 0 1 0 0 2 0 4 0 6 0 0 0 0 0 0 0
2 26 0 0 53 0 2 1 7 0 0 0 0 9 0 1 0 0 0 27 44 0 9 49 3 5 4 50 0 2 2 4 12 0 0 0 0 40 0 0 0 0 0 0 0 0 0 0 1 0 0 3 0 0 0 5 0 0 0 0 0 0 0
8 26 0 0 53 0 5 1 7 0 0 0 0 9 0 1 0 0 0 28 61 4 16 56 4 6 5 50 0 2 3 4 12 0 0 0 0 40 1 0 0 0 0 0 0 5 0 0 1 0 0 3 0 0 0 7 0 0 0 0 0 0 0
6 26 0 0 53 0 5 1 7 0 0 0 0 7 0 1 0 0 0 27 56 5 16 48 4 6 6 53 0 2 4 3 12 0 1 0 0 40 0 0 0 0 0 0 0 2 0 0 1 0 0 3 0 2 0 6 0 0 0 0 0 0 0
19 26 0 0 53 0 18 1 7 0 0 0 0 8 0 1 0 0 0 28 76 6 15 50 4 6 15 52 0 2 4 4 12 0 5 0 0 40 2 0 0 0 0 0 0 4 0 0 1 0 0 3 0 4 0 8 0 0 0 0 0 0 0
29 26 0 0 53 0 22 1 7 0 0 0 0 10 0 1 0 0 0 27 82 6 17 56 4 6 20 48 0 2 3 4 9 0 5 0 0 40 2 0 0 0 0 0 0 2 0 0 1 0 0 3 0 2 0 12 0 0 0 0 0 0 0
8 26 0 0 52 0 9 1 7 0 0 0 0 5 0 1 0 0 0 29 63 8 16 54 3 6 21 49 0 2 2 4 1 0 1 0 0 40 0 0 0 0 0 0 0 2 0 0 1 0 0 3 0 0 0 7 0 0 0 0 0 0 0
3 26 0 0 53 0 9 1 7 0 0 0 0 5 0 1 0 0 0 27 22 2 12 46 3 6 7 48 0 2 2 2 0 0 1 0 0 40 0 0 0 0 0 0 0 2 0 0 1 0 0 3 0 0 0 6 0 0 0 0 0 0 0
9 26 0 0 47 0 13 1 7 0 0 0 0 6 0 1 0 0 0 24 18 4 10 51 3 4 4 49 0 2 1 2 0 0 1 0 0 40 0 0 0 0 0 0 0 1 0 0 1 0 0 3 0 2 0 6 0 0 0 0 0 0 0
6 26 0 0 39 0 13 1 7 0 0 0 0 8 0 1 0 0 0 30 24 5 13 51 3 5 8 51 0 2 3 4 1 0 1 0 0 40 0 0 0 0 0 0 0 2 0 0 1 0 0 3 0 0 0 6 0 0 0 0 0 0 0
0 0 0 0 0 0 0 0 0 0 0 0 0 0 0 0 0 0 0 0 0 0 0 0 0 0 0 0 0 0 0 0 0 0 0 0 0 0 0 0 0 0 0 0 0 0 0 0 0 0 0 0 0 0 0 0 0 0 0 0 0 0 0
4 26 0 0 36 0 3 1 7 0 0 0 0 4 0 0 0 0 0 29 16 1 10 49 3 6 4 49 0 2 2 4 0 0 1 0 0 40 0 0 0 0 0 0 0 2 0 0 1 0 0 3 0 0 0 5 0 0 0 0 0 0 0
3 26 0 0 28 0 7 1 7 0 0 0 0 8 0 0 0 0 0 49 17 3 9 42 3 5 2 49 0 2 2 3 0 0 0 0 0 40 0 0 0 0 0 0 0 1 0 0 1 0 0 3 0 4 0 6 0 0 0 0 0 0 0
3 26 0 0 33 0 7 1 7 0 0 0 0 9 0 1 0 0 0 37 27 1 10 37 3 6 2 53 0 2 2 3 1 0 1 0 0 40 1 0 0 0 0 0 0 1 0 0 1 0 0 3 0 3 0 13 0 0 0 0 0 0 0
9 26 0 0 40 0 15 1 7 0 0 0 0 4 0 1 0 0 0 62 37 5 15 54 8 5 2 51 0 2 3 4 0 0 1 0 0 40 0 0 0 0 0 0 0 0 0 0 1 0 0 3 0 2 0 10 0 0 0 0 0 0 0
6 26 0 0 37 0 11 1 7 0 0 0 0 10 0 1 0 0 0 73 50 5 15 45 3 6 4 52 0 2 3 4 0 0 1 0 0 40 0 0 0 0 0 0 0 0 0 0 1 0 0 3 0 0 0 15 0 0 0 0 0 0 0
14 26 0 0 38 0 5 1 7 0 0 0 0 10 0 1 0 0 0 71 86 5 15 46 12 6 11 53 0 2 6 4 2 0 1 0 0 40 0 0 0 0 0 0 0 6 0 0 1 0 0 3 0 1 0 14 0 0 0 0 0 0 0
2 26 0 0 24 0 6 1 7 0 0 0 0 10 0 1 0 0 0 31 75 4 15 48 13 6 7 50 0 2 6 4 0 0 0 0 0 40 0 0 0 0 0 0 0 6 0 0 1 0 0 3 0 0 0 16 0 0 0 0 0 0 0
5 26 0 0 24 0 13 1 7 0 0 0 0 10 0 1 0 0 0 42 33 5 15 51 4 6 11 49 0 2 4 4 1 0 0 0 0 40 0 0 0 0 0 0 0 5 0 0 3 0 0 3 0 0 0 9 0 0 0 0 0 0 0
8 26 0 0 33 0 17 1 7 0 0 0 0 10 0 1 0 0 0 46 66 3 15 56 10 6 20 52 0 2 3 4 0 0 1 0 0 40 1 0 0 0 0 0 0 5 0 0 1 0 0 3 0 2 0 16 0 0 0 0 0 0 0
9 26 0 0 33 0 4 1 7 0 0 0 0 10 0 1 0 0 0 57 51 4 15 60 3 6 22 49 0 2 5 4 2 0 1 0 0 40 0 0 0 0 0 0 0 3 0 0 3 0 0 3 0 0 0 8 0 0 0 0 0 0 0
2 26 0 0 28 0 7 1 7 0 0 0 0 10 0 1 0 0 0 52 55 4 11 57 3 6 15 51 0 2 3 4 1 0 1 0 0 40 0 0 0 0 0 0 0 1 0 0 1 0 0 3 0 0 0 7 0 0 0 0 0 0 0
0 0 0 0 0 0 0 0 0 0 0 0 0 0 0 0 0 0 0 0 0 0 0 0 0 0 0 0 0 0 0 0 0 0 0 0 0 0 0 0 0 0 0 0 0 0 0 0 0 0 0 0 0 0 0 0 0 0 0 0 0 0 0
8 26 0 0 31 0 24 1 7 0 0 0 0 4 0 0 0 0 0 22 40 3 4 51 3 6 5 52 0 2 3 4 0 0 1 0 0 40 0 0 0 0 0 0 0 2 0 0 1 0 0 3 0 0 0 4 0 0 0 0 0 0 0
7 26 0 0 35 0 26 1 7 0 0 0 0 8 0 1 0 0 0 23 38 3 6 53 3 6 5 50 0 2 2 4 0 0 0 0 0 40 0 0 0 0 0 0 0 1 0 0 1 0 0 3 0 0 0 2 0 0 0 0 0 0 0
3 26 0 0 17 0 23 1 7 0 0 0 0 10 0 1 0 0 0 38 56 1 7 46 3 6 5 53 0 2 3 4 0 0 1 0 0 40 0 0 0 0 0 0 0 0 0 0 1 0 0 3 0 0 0 2 0 0 0 0 0 0 0
10 26 0 0 26 0 34 1 7 0 0 0 0 9 0 1 0 0 0 38 80 5 15 59 3 6 8 51 0 2 4 3 2 0 1 0 0 40 0 0 0 0 0 0 0 2 0 0 1 0 0 3 0 0 0 2 0 0 0 0 0 0 0
27 26 0 0 35 0 36 1 7 0 0 0 0 7 0 1 0 0 0 42 67 10 23 54 5 7 13 53 0 2 4 4 5 0 1 0 0 40 1 0 0 0 0 0 0 5 0 0 1 0 0 3 0 4 0 11 0 0 0 0 0 0 0
19 26 0 0 23 0 18 1 7 0 0 0 0 10 0 1 0 0 0 22 61 8 15 51 7 6 17 50 0 2 3 4 3 0 0 0 0 40 0 0 0 0 0 0 0 4 0 0 5 0 0 3 0 0 0 5 0 0 0 0 0 0 0
12 26 0 0 37 0 10 1 7 0 0 0 0 7 0 1 0 0 0 30 68 9 21 60 13 7 21 49 0 2 2 3 1 0 1 0 0 40 1 0 0 0 0 0 0 7 0 0 1 0 0 3 0 2 0 10 0 0 0 0 0 0 0
25 26 0 0 38 0 22 1 7 0 0 0 0 10 0 1 0 0 0 32 76 10 21 55 14 6 25 49 0 2 5 4 11 0 1 0 0 40 1 0 0 0 0 0 0 8 0 0 2 0 0 3 0 3 0 13 0 0 0 0 0 0 0
6 26 0 0 27 0 9 0 6 0 0 0 0 8 0 1 0 0 0 19 54 9 15 43 10 6 11 53 0 2 3 4 1 0 0 0 0 40 0 0 0 0 0 0 0 0 0 0 1 0 0 3 0 1 0 3 0 0 0 0 0 0 0
18 26 0 0 42 0 11 1 5 0 0 0 0 10 0 1 0 0 0 15 61 11 17 60 3 6 18 53 0 2 5 5 12 0 1 0 0 40 1 0 0 0 0 0 0 9 0 0 6 0 0 3 0 5 0 15 0 0 0 0 0 0 0
11 26 0 0 27 0 10 1 1 0 0 0 0 7 0 0 0 0 0 12 55 9 21 43 2 5 8 51 0 2 5 5 11 0 1 0 0 37 0 0 0 0 0 0 0 1 0 0 2 0 0 3 0 4 0 6 0 0 0 0 0 0 0
0 0 0 0 0 0 0 0 0 0 0 0 0 0 0 0 0 0 0 0 0 0 0 0 0 0 0 0 0 0 0 0 0 0 0 0 0 0 0 0 0 0 0 0 0 0 0 0 0 0 0 0 0 0 0 0 0 0 0 0 0 0 0
6 26 0 0 21 0 6 1 1 0 0 0 0 6 0 0 0 0 0 11 25 2 7 46 2 5 4 53 0 2 3 4 1 0 0 0 0 40 0 0 0 0 0 0 0 1 0 0 1 0 0 2 0 0 0 0 0 0 0 0 0 0 0
5 26 0 0 25 0 9 1 1 0 0 0 0 10 0 1 0 0 0 26 24 3 10 54 3 6 5 53 0 2 2 4 0 0 1 0 0 40 0 0 0 0 0 0 0 3 0 0 1 0 0 3 0 0 0 2 0 0 0 0 0 0 0
1 26 0 0 30 0 9 1 1 0 0 0 0 8 0 1 0 0 0 32 28 6 12 49 3 6 4 53 0 2 2 3 0 0 1 0 0 40 0 0 0 0 0 0 0 0 0 0 1 0 0 3 0 0 0 2 0 0 0 0 0 0 0
9 26 0 0 33 0 9 1 3 0 0 0 0 10 0 1 0 0 0 37 35 6 15 51 3 7 10 53 0 2 1 3 2 0 1 0 0 40 0 0 0 0 0 0 0 3 0 0 1 0 0 3 0 0 0 5 0 0 0 0 0 0 0
26 26 0 0 44 0 14 1 6 0 0 0 0 10 0 1 0 0 0 56 69 5 17 60 4 6 11 53 0 2 1 4 2 0 0 0 0 40 0 0 0 0 0 0 0 3 0 0 1 0 0 3 0 3 0 19 0 0 0 0 0 0 0
14 26 0 0 39 0 16 1 7 0 0 0 0 9 0 1 0 0 0 54 77 6 15 53 5 7 7 51 0 2 2 4 0 0 2 0 0 40 1 0 0 0 0 0 0 6 0 0 3 0 0 3 0 0 0 14 0 0 0 0 0 0 0
21 26 0 0 31 0 25 1 7 0 0 0 0 10 0 1 0 0 0 37 84 11 20 53 3 8 13 53 0 2 3 4 2 0 2 0 0 40 1 0 0 0 0 0 0 6 0 0 3 0 0 3 0 0 0 20 0 0 0 0 0 0 0
10 13 0 0 35 0 9 1 7 0 0 0 0 8 0 1 0 0 0 14 56 8 14 50 4 6 6 51 0 2 2 3 0 0 2 0 0 39 1 0 0 0 0 0 0 4 0 0 1 0 0 3 0 3 0 15 0 0 0 0 0 0 0
8 26 0 0 22 0 13 1 2 0 0 0 0 5 0 1 0 0 0 15 10 8 13 52 3 8 6 53 0 2 3 3 0 0 1 0 0 40 0 0 0 0 0 0 0 3 0 0 1 0 0 3 0 0 0 11 0 0 0 0 0 0 0
18 25 0 0 30 0 9 1 1 0 0 0 0 9 0 1 0 0 0 26 32 6 12 47 3 6 9 53 0 2 2 3 2 0 1 0 0 40 0 0 0 0 0 0 0 2 0 0 1 0 0 3 0 0 0 6 0 0 0 0 0 0 0
23 26 0 0 19 0 11 1 1 0 0 0 0 9 0 1 0 0 0 18 46 6 14 48 3 6 7 53 0 2 3 3 0 0 1 0 0 40 0 0 0 0 0 0 0 2 0 0 1 0 0 3 0 0 0 1 0 0 0 0 0 0 0
0 0 0 0 0 0 0 0 0 0 0 0 0 0 0 0 0 0 0 0 0 0 0 0 0 0 0 0 0 0 0 0 0 0 0 0 0 0 0 0 0 0 0 0 0 0 0 0 0 0 0 0 0 0 0 0 0 0 0 0 0 0 0
6 17 0 0 26 0 3 1 2 0 0 0 0 8 0 1 0 0 0 6 30 8 12 54 3 5 5 53 0 2 3 4 0 0 0 0 0 38 0 0 0 0 0 0 0 2 0 0 1 0 0 3 0 0 0 2 0 0 0 0 0 0 0
2 17 0 0 23 0 3 1 1 0 0 0 0 10 0 0 0 0 0 9 31 3 10 51 3 5 3 51 0 2 2 3 0 0 0 0 0 38 0 0 0 0 0 0 0 1 0 0 1 0 0 3 0 0 0 0 0 0 0 0 0 0 0
3 17 0 0 39 0 2 1 1 0 0 0 0 8 0 1 0 0 0 16 27 4 12 50 3 5 4 53 0 2 3 3 0 0 0 0 0 39 0 0 0 0 0 0 0 1 0 0 1 0 0 3 0 0 0 0 0 0 0 0 0 0 0
8 17 0 0 39 0 18 1 1 0 0 0 0 9 0 1 0 0 0 21 47 5 13 47 3 5 7 6 0 2 3 4 1 0 1 0 0 39 0 0 0 0 0 0 0 2 0 0 1 0 0 3 0 0 0 7 0 0 0 0 0 0 0
13 17 0 0 37 0 14 1 5 0 0 0 0 9 0 1 0 0 0 25 52 6 14 52 3 6 8 41 0 2 4 4 0 0 2 0 0 39 0 0 0 0 0 0 0 1 0 0 1 0 0 3 0 0 0 10 0 0 0 0 0 0 0
7 11 0 0 41 0 30 1 7 0 0 0 0 10 0 1 0 0 0 22 57 11 27 51 6 6 16 27 0 2 4 4 1 0 2 0 0 39 1 0 0 0 0 0 0 9 0 0 1 0 0 3 0 2 0 22 0 0 0 0 0 0 0
11 17 0 0 38 0 31 1 7 0 0 0 0 7 0 1 0 0 0 26 42 8 15 47 3 5 8 29 0 2 5 3 0 0 1 0 0 40 0 0 0 0 0 0 0 13 0 0 1 0 0 3 0 2 0 2 0 0 0 0 0 0 0
18 17 0 0 39 0 12 1 3 0 0 0 0 6 0 1 0 0 0 17 54 10 23 59 6 6 10 12 0 2 4 3 0 0 0 0 0 21 0 0 0 0 0 0 0 2 0 0 1 0 0 3 0 0 0 3 0 0 0 0 0 0 0
2 17 0 0 36 0 14 1 2 0 0 0 0 8 0 1 0 0 0 12 38 9 11 57 6 6 8 12 0 2 2 3 0 0 0 0 0 38 1 0 0 0 0 0 0 6 0 0 1 0 0 3 0 0 0 2 0 0 0 0 0 0 0
9 17 0 0 32 0 3 1 1 0 0 0 0 10 0 1 0 0 0 12 23 10 13 44 5 6 4 6 0 2 1 2 0 0 0 0 0 38 0 0 0 0 0 0 0 2 0 0 1 0 0 3 0 0 0 1 0 0 0 0 0 0 0
9 17 0 0 27 0 7 1 2 0 0 0 0 9 0 1 0 0 0 9 22 8 18 56 4 6 9 13 0 2 4 4 0 0 1 0 0 38 0 0 0 0 0 0 0 4 0 0 1 0 0 3 0 0 0 2 0 0 0 0 0 0 0
0 0 0 0 0 0 0 0 0 0 0 0 0 0 0 0 0 0 0 0 0 0 0 0 0 0 0 0 0 0 0 0 0 0 0 0 0 0 0 0 0 0 0 0 0 0 0 0 0 0 0 0 0 0 0 0 0 0 0 0 0 0 0
4 6 0 0 18 0 18 1 1 0 0 0 0 3 0 0 0 0 0 9 5 0 10 47 6 5 2 1 0 2 2 4 2 0 0 0 0 34 0 0 0 0 0 0 0 1 0 0 1 0 0 3 0 0 0 0 0 0 0 0 0 0 0
1 9 0 0 30 0 0 1 1 0 0 0 0 2 0 1 0 0 0 22 10 2 6 38 4 1 2 3 0 2 2 2 1 0 0 0 0 18 0 0 0 0 0 0 0 0 0 0 1 0 0 3 0 0 0 3 0 0 0 0 0 0 0
3 5 0 0 40 0 4 1 0 0 0 0 0 9 0 1 0 0 0 24 19 4 10 36 6 4 3 9 0 2 1 3 0 0 0 0 0 20 0 0 0 0 0 0 0 1 0 0 1 0 0 3 0 0 0 1 0 0 0 0 0 0 0
9 17 0 0 40 0 9 1 3 0 0 0 0 10 0 1 0 0 0 38 36 5 14 53 5 5 7 26 0 2 2 4 0 0 0 0 0 37 0 0 0 0 0 0 0 1 0 0 1 0 0 3 0 0 0 2 0 0 0 0 0 0 0
9 17 0 0 37 0 17 1 2 0 0 0 0 7 0 1 0 0 0 37 53 8 13 52 6 6 2 46 0 2 2 4 2 0 0 0 0 31 0 0 0 0 0 0 0 2 0 0 3 0 0 3 0 0 0 4 0 0 0 0 0 0 0
15 17 0 0 31 0 23 1 3 0 0 0 0 10 0 1 0 0 0 21 59 7 16 47 6 6 13 14 0 2 8 4 1 0 1 0 0 24 1 0 0 0 0 0 0 5 0 0 2 0 0 3 0 0 0 12 0 0 0 0 0 0 0
16 17 0 0 41 0 27 1 3 0 0 0 0 10 0 1 0 0 0 58 65 10 17 56 6 6 10 53 0 2 9 4 0 0 1 0 0 20 1 0 0 0 0 0 0 3 0 0 4 0 0 3 0 0 0 16 0 0 0 0 0 0 0
7 17 0 0 33 0 6 1 1 0 0 0 0 4 0 1 0 0 0 74 18 6 14 52 6 6 7 24 0 2 8 2 1 0 1 0 0 11 0 0 0 0 0 0 0 0 0 0 3 0 0 3 0 0 0 5 0 0 0 0 0 0 0
8 17 0 0 27 0 14 1 1 0 0 0 0 9 0 1 0 0 0 64 29 9 17 55 6 6 17 27 0 2 7 3 0 0 1 0 0 8 1 0 0 0 0 0 0 2 0 0 1 0 0 3 0 0 0 9 0 0 0 0 0 0 0
4 17 0 0 25 0 9 1 1 0 0 0 0 9 0 1 0 0 0 47 28 5 15 47 6 6 16 48 0 2 6 3 0 0 1 0 0 7 0 0 0 0 0 0 0 3 0 0 1 0 0 3 0 0 0 3 0 0 0 0 0 0 0
6 15 0 0 27 0 8 1 1 0 0 0 0 9 0 1 0 0 0 8 10 0 12 49 6 6 2 36 0 2 7 3 0 0 1 0 0 7 0 0 0 0 0 0 0 0 0 0 1 0 0 3 0 0 0 2 0 0 0 0 0 0 0
0 0 0 0 0 0 0 0 0 0 0 0 0 0 0 0 0 0 0 0 0 0 0 0 0 0 0 0 0 0 0 0 0 0 0 0 0 0 0 0 0 0 0 0 0 0 0 0 0 0 0 0 0 0 0 0 0 0 0 0 0 0 0
7 5 0 0 5 0 7 1 1 0 0 0 0 7 0 1 0 0 0 12 30 2 10 46 4 3 9 25 0 2 5 2 1 0 0 0 0 7 0 0 0 0 0 0 0 0 0 0 1 0 0 3 0 0 0 0 0 0 0 0 0 0 0
0 16 0 0 17 0 2 1 1 0 0 0 0 3 0 1 0 0 0 18 20 0 9 38 4 5 6 8 0 2 1 2 0 0 0 0 0 7 0 0 0 0 0 0 0 1 0 0 1 0 0 3 0 0 0 0 0 0 0 0 0 0 0
10 17 0 0 21 0 6 1 1 0 0 0 0 10 0 1 0 0 0 61 53 4 11 51 6 6 12 53 0 2 4 4 1 0 1 0 0 6 0 0 0 0 0 0 0 1 0 0 1 0 0 3 0 0 0 3 0 0 0 0 0 0 0
5 17 0 0 20 0 12 1 1 0 0 0 0 9 0 1 0 0 0 50 55 3 15 54 6 6 15 48 0 2 4 3 3 0 1 0 0 7 1 0 0 0 0 0 0 2 0 0 1 0 0 3 0 0 0 5 0 0 0 0 0 0 0
10 17 0 0 23 0 13 1 3 0 0 0 0 8 0 1 0 0 0 69 50 4 16 45 6 6 10 53 0 2 3 3 2 0 1 0 0 10 1 0 0 0 0 0 0 2 0 0 1 0 0 3 0 0 0 13 0 0 0 0 0 0 0
7 17 0 0 25 0 16 1 5 0 0 0 0 10 0 1 0 0 0 54 49 5 15 52 10 6 24 48 0 2 6 3 4 0 0 0 0 10 1 0 0 0 0 0 0 2 0 0 2 0 0 3 0 0 0 24 0 0 0 0 0 0 0
7 18 0 0 26 0 6 1 6 0 0 0 0 7 0 1 0 0 0 60 53 6 14 50 10 6 23 53 0 2 6 4 2 0 1 0 0 10 1 0 0 0 0 0 0 3 0 0 2 0 0 3 0 0 0 11 0 0 0 0 0 0 0
6 17 0 0 23 0 12 1 2 0 0 0 0 9 0 1 0 0 0 63 32 5 14 54 8 6 15 42 0 2 4 4 1 0 0 0 0 9 0 0 0 0 0 0 0 2 0 0 1 0 0 3 0 0 0 7 0 0 0 0 0 0 0
0 18 0 0 0 0 0 1 1 0 0 0 0 2 0 1 0 0 0 35 0 5 10 43 4 6 9 1 0 2 4 3 0 0 0 0 0 7 0 0 0 0 0 0 0 0 0 0 1 0 0 3 0 0 0 0 0 0 0 0 0 0 0
5 17 0 0 26 0 6 1 1 0 0 0 0 6 0 1 0 0 0 51 17 7 13 55 4 5 15 36 0 2 4 3 2 0 0 0 0 6 0 0 0 0 0 0 0 3 0 0 1 0 0 3 0 0 0 4 0 0 0 0 0 0 0
6 17 0 0 26 0 5 1 2 0 0 0 0 7 0 1 0 0 0 30 15 7 13 62 5 6 13 6 0 2 4 4 3 0 1 0 0 6 0 0 0 0 0 0 0 4 0 0 1 0 0 3 0 0 0 5 0 0 0 0 0 0 0
0 0 0 0 0 0 0 0 0 0 0 0 0 0 0 0 0 0 0 0 0 0 0 0 0 0 0 0 0 0 0 0 0 0 0 0 0 0 0 0 0 0 0 0 0 0 0 0 0 0 0 0 0 0 0 0 0 0 0 0 0 0 0
8 8 0 0 3 0 5 1 1 0 0 0 0 9 0 1 0 0 0 57 17 8 20 54 6 3 17 6 0 2 3 4 4 0 1 0 0 1 1 0 0 0 0 0 0 4 0 0 3 0 0 3 0 0 0 3 0 0 0 0 0 0 0
16 15 0 0 1 0 4 0 1 0 0 0 0 3 0 1 0 0 0 15 10 5 12 34 6 4 8 5 0 2 1 0 1 0 0 0 0 1 0 0 0 0 0 0 0 0 0 0 1 0 0 1 0 0 0 12 0 0 0 0 0 0 0
2 8 0 0 7 0 8 1 0 0 0 0 0 10 0 0 0 0 0 77 42 10 18 44 14 8 9 8 0 1 5 4 1 0 1 0 0 0 1 0 0 0 0 0 0 6 0 0 3 0 0 0 0 0 0 6 0 0 0 0 0 0 0
22 18 0 0 13 0 22 1 2 0 0 0 0 10 0 1 0 0 0 76 48 8 21 64 5 8 17 47 0 2 4 4 4 0 1 0 0 10 1 0 0 0 0 0 0 11 0 0 3 0 0 3 0 0 0 16 0 0 0 0 0 0 0
32 17 0 0 10 0 23 1 7 0 0 0 0 2 0 1 0 0 0 51 48 5 21 48 6 5 34 37 0 2 6 2 11 0 4 0 0 11 2 0 0 0 0 0 0 3 0 0 1 0 0 3 0 0 0 30 0 0 0 0 0 0 0
24 20 0 0 24 0 14 1 7 0 0 0 0 10 0 1 0 0 0 22 49 11 22 49 14 5 20 53 0 2 5 4 3 0 0 0 0 13 3 0 0 0 0 0 0 0 0 0 3 0 0 3 0 1 0 17 0 0 0 0 0 0 0
9 22 0 0 31 0 13 1 6 0 0 0 0 6 0 1 0 0 0 30 29 10 12 29 14 8 9 37 0 2 2 1 5 0 5 0 0 9 3 0 0 0 0 0 0 7 0 0 2 0 0 3 0 0 0 16 0 0 0 0 0 0 0
32 15 0 0 0 0 30 1 6 0 0 0 0 6 0 0 0 0 0 38 37 6 19 47 13 7 32 51 0 2 6 5 8 0 2 0 0 12 3 0 0 0 0 0 0 3 0 0 1 0 0 3 0 2 0 15 0 0 0 0 0 0 0
25 17 0 0 25 0 14 1 4 0 0 0 0 7 0 1 0 0 0 23 24 4 13 58 10 6 17 35 0 2 5 4 3 0 2 0 0 10 2 0 0 0 0 0 0 15 0 0 2 0 0 3 0 3 0 23 0 0 0 0 0 0 0
38 12 0 0 6 0 19 0 1 0 0 0 0 9 0 1 0 0 0 6 22 0 1 20 0 0 32 8 0 2 0 0 0 0 5 0 0 0 0 0 0 0 0 0 0 5 0 0 0 0 0 3 0 0 0 17 0 0 0 0 0 0 0
12 17 0 0 5 0 8 1 2 0 0 0 0 8 0 1 0 0 0 19 22 11 22 63 3 5 21 14 0 2 3 4 4 0 3 0 0 6 1 0 0 0 0 0 0 2 0 0 5 0 0 3 0 0 0 15 0 0 0 0 0 0 0
0 0 0 0 0 0 0 0 0 0 0 0 0 0 0 0 0 0 0 0 0 0 0 0 0 0 0 0 0 0 0 0 0 0 0 0 0 0 0 0 0 0 0 0 0 0 0 0 0 0 0 0 0 0 0 0 0 0 0 0 0 0 0
6 6 0 0 3 0 4 0 2 0 0 0 0 0 0 1 0 0 0 23 0 2 7 32 5 3 11 7 0 2 0 0 0 0 1 0 0 0 0 0 0 0 0 0 0 0 0 0 0 0 0 3 0 0 0 2 0 0 0 0 0 0 0
4 4 0 0 1 0 2 1 1 0 0 0 0 2 0 1 0 0 0 38 2 5 10 20 2 0 7 8 0 2 0 0 0 0 0 0 0 0 0 0 0 0 0 0 0 1 0 0 0 0 0 1 0 0 0 5 0 0 0 0 0 0 0
9 17 0 0 10 0 7 1 0 0 0 0 0 7 0 1 0 0 0 18 13 6 14 41 5 4 10 18 0 2 5 4 0 0 0 0 0 5 0 0 0 0 0 0 0 3 0 0 1 0 0 3 0 0 0 1 0 0 0 0 0 0 0
7 17 0 0 27 0 15 1 1 0 0 0 0 10 0 1 0 0 0 77 49 0 0 23 6 7 21 53 0 2 2 3 3 0 1 0 0 5 0 0 0 0 0 0 0 1 0 0 1 0 0 3 0 0 0 9 0 0 0 0 0 0 0
10 19 0 0 23 0 14 1 5 0 0 0 0 8 0 1 0 0 0 88 36 9 14 52 6 6 14 45 0 2 5 4 1 0 1 0 0 8 0 0 0 0 0 0 0 4 0 0 1 0 0 3 0 0 0 4 0 0 0 0 0 0 0
15 21 0 0 29 0 20 1 6 0 0 0 0 10 0 1 0 0 0 85 55 12 16 42 10 4 12 18 0 2 5 4 7 0 7 0 0 9 1 0 0 0 0 0 0 3 0 0 1 0 0 3 0 2 0 19 0 0 0 0 0 0 0
16 18 0 0 28 0 15 1 6 0 0 0 0 8 0 1 0 0 0 85 57 10 16 53 6 6 14 53 0 2 5 4 5 0 7 0 0 9 0 0 0 0 0 0 0 4 0 0 1 0 0 3 0 2 0 17 0 0 0 0 0 0 0
6 20 0 0 25 0 13 1 2 0 0 0 0 8 0 1 0 0 0 75 28 8 16 60 10 6 17 45 0 2 5 4 1 0 1 0 0 7 0 0 0 0 0 0 0 3 0 0 1 0 0 3 0 0 0 5 0 0 0 0 0 0 0
8 17 0 0 18 0 6 1 2 0 0 0 0 7 0 1 0 0 0 76 28 6 14 53 5 6 15 41 0 2 5 4 0 0 1 0 0 7 0 0 0 0 0 0 0 0 0 0 1 0 0 3 0 0 0 2 0 0 0 0 0 0 0
2 18 0 0 12 0 4 1 2 0 0 0 0 4 0 1 0 0 0 81 22 6 13 46 4 6 17 33 0 2 3 2 0 0 1 0 0 6 0 0 0 0 0 0 0 0 0 0 1 0 0 3 0 0 0 1 0 0 0 0 0 0 0
10 17 0 0 13 0 3 1 1 0 0 0 0 4 0 1 0 0 0 41 16 7 11 58 5 6 12 6 0 2 3 4 0 0 1 0 0 6 0 0 0 0 0 0 0 0 0 0 1 0 0 3 0 0 0 1 0 0 0 0 0 0 0
0 0 0 0 0 0 0 0 0 0 0 0 0 0 0 0 0 0 0 0 0 0 0 0 0 0 0 0 0 0 0 0 0 0 0 0 0 0 0 0 0 0 0 0 0 0 0 0 0 0 0 0 0 0 0 0 0 0 0 0 0 0 0
10 17 0 0 21 0 5 1 3 0 0 0 0 8 0 1 0 0 0 66 19 5 13 57 4 6 12 6 0 2 3 4 0 0 1 0 0 6 0 0 0 0 0 0 0 2 0 0 1 0 0 3 0 0 0 1 0 0 0 0 0 0 0
4 17 0 0 23 0 4 0 2 0 0 0 0 4 0 1 0 0 0 57 12 3 11 51 4 6 11 6 0 2 2 3 0 0 1 0 0 5 0 0 0 0 0 0 0 0 0 0 1 0 0 3 0 0 0 1 0 0 0 0 0 0 0
2 17 0 0 23 0 5 1 3 0 0 0 0 8 0 1 0 0 0 59 17 5 13 49 5 6 11 7 0 2 2 3 0 0 1 0 0 5 0 0 0 0 0 0 0 1 0 0 1 0 0 3 0 0 0 1 0 0 0 0 0 0 0
6 17 0 0 31 0 8 1 2 0 0 0 0 6 0 1 0 0 0 74 31 6 13 52 5 6 10 51 0 2 4 3 1 0 1 0 0 5 0 0 0 0 0 0 0 4 0 0 1 0 0 3 0 0 0 4 0 0 0 0 0 0 0
9 18 0 0 29 0 13 1 2 0 0 0 0 10 0 1 0 0 0 80 41 6 14 56 5 6 14 53 0 2 4 4 1 0 1 0 0 7 0 0 0 0 0 0 0 2 0 0 1 0 0 3 0 0 0 4 0 0 0 0 0 0 0
8 18 0 0 28 0 15 1 7 0 0 0 0 7 0 1 0 0 0 76 41 6 15 53 10 6 17 43 0 2 5 4 8 0 1 0 0 10 1 0 0 0 0 0 0 4 0 0 1 0 0 3 0 0 0 6 0 0 0 0 0 0 0
16 18 0 0 31 0 22 1 7 0 0 0 0 9 0 1 0 0 0 81 43 8 17 62 5 6 16 53 0 2 2 4 8 0 1 0 0 8 0 0 0 0 0 0 0 3 0 0 1 0 0 3 0 0 0 6 0 0 0 0 0 0 0
6 19 0 0 15 0 6 1 3 0 0 0 0 8 0 1 0 0 0 83 29 7 13 50 4 6 15 51 0 2 6 4 0 0 1 0 0 7 0 0 0 0 0 0 0 2 0 0 1 0 0 3 0 0 0 1 0 0 0 0 0 0 0
8 19 0 0 20 0 29 1 2 0 0 0 0 7 0 1 0 0 0 79 21 8 16 57 10 4 16 48 0 2 6 4 4 0 1 0 0 8 0 0 0 0 0 0 0 1 0 0 1 0 0 3 0 0 0 1 0 0 0 0 0 0 0
4 17 0 0 23 0 6 1 2 0 0 0 0 6 0 1 0 0 0 71 30 5 13 56 4 6 10 8 0 2 3 2 0 0 1 0 0 6 0 0 0 0 0 0 0 1 0 0 1 0 0 3 0 0 0 1 0 0 0 0 0 0 0
7 17 0 0 9 0 31 0 2 0 0 0 0 8 0 1 0 0 0 73 16 5 9 57 4 6 12 6 0 2 3 4 0 0 1 0 0 6 0 0 0 0 0 0 0 1 0 0 1 0 0 3 0 0 0 1 0 0 0 0 0 0 0
0 0 0 0 0 0 0 0 0 0 0 0 0 0 0 0 0 0 0 0 0 0 0 0 0 0 0 0 0 0 0 0 0 0 0 0 0 0 0 0 0 0 0 0 0 0 0 0 0 0 0 0 0 0 0 0 0 0 0 0 0 0 0
