102 0 0 0 2 0 99 0 0 0 0 0 0 0 0 0 0 0 0 12 272 0 0 115 10 1 0 0 0 0 11 0 0 0 0 0 0 0 0 0 0 0 0 0 0 49 0 0 0 0 0 0 0 0 0 57 0 0 0 0 0 0 0
0 0 0 0 0 0 0 0 0 0 0 0 0 0 0 0 0 0 0 0 0 0 0 0 0 0 0 0 0 0 0 0 0 0 0 0 0 0 0 0 0 0 0 0 0 0 0 0 0 0 0 0 0 0 0 0 0 0 0 0 0 0 0
101 0 0 0 0 0 99 0 0 0 0 0 0 0 0 0 0 0 0 12 251 0 0 115 11 1 0 0 0 0 10 0 0 0 0 0 0 0 0 0 0 0 0 0 0 49 0 0 0 0 0 0 0 0 0 57 0 0 0 0 0 0 0
72 0 0 0 0 0 71 0 0 0 0 0 0 0 0 0 0 0 0 12 234 0 0 116 10 1 0 0 0 0 11 0 0 0 0 0 0 0 0 0 0 0 0 0 0 49 0 0 0 0 0 0 0 0 0 52 0 0 0 0 0 0 0
0 0 0 0 0 0 0 0 0 0 0 0 0 0 0 0 0 0 0 0 0 0 0 0 0 0 0 0 0 0 0 0 0 0 0 0 0 0 0 0 0 0 0 0 0 0 0 0 0 0 0 0 0 0 0 0 0 0 0 0 0 0 0
0 0 0 0 0 0 0 0 0 0 0 0 0 0 0 0 0 0 0 0 0 0 0 0 0 0 0 0 0 0 0 0 0 0 0 0 0 0 0 0 0 0 0 0 0 0 0 0 0 0 0 0 0 0 0 0 0 0 0 0 0 0 0
0 0 0 0 0 0 72 0 0 0 0 0 0 0 0 0 0 0 0 12 239 0 0 115 12 1 0 0 0 0 11 0 0 0 0 0 0 0 0 0 0 0 0 0 0 4 0 0 0 0 0 0 0 0 0 48 0 0 0 0 0 0 0
70 0 0 0 0 0 33 0 0 0 0 0 0 0 0 0 0 0 0 11 231 0 0 73 8 0 0 0 0 0 6 0 0 0 0 0 0 0 0 0 0 0 0 0 0 40 0 0 0 0 0 0 0 0 0 49 0 0 0 0 0 0 0
96 0 0 0 0 0 95 0 0 0 0 0 0 0 0 0 0 0 0 12 244 0 0 92 0 1 0 0 0 0 0 0 0 0 0 0 0 0 0 0 0 0 0 0 0 3 0 0 0 0 0 0 0 0 0 19 0 0 0 0 0 0 0
102 0 0 0 0 0 100 0 0 0 0 0 0 0 0 0 0 0 0 13 281 0 0 64 1 1 0 2 0 0 9 0 0 0 0 0 0 2 0 0 0 0 0 0 0 49 0 0 0 0 0 0 0 0 0 57 0 0 0 0 0 0 0
98 0 0 0 4 0 95 0 0 0 0 0 0 0 0 0 0 0 0 26 276 0 0 112 2 1 0 0 0 0 10 0 0 0 0 0 0 1 0 0 0 0 0 0 0 48 0 0 0 0 0 0 0 0 0 57 0 0 0 0 0 0 0
0 0 0 0 0 0 0 0 0 0 0 0 0 0 0 0 0 0 0 0 0 0 0 0 0 0 0 0 0 0 0 0 0 0 0 0 0 0 0 0 0 0 0 0 0 0 0 0 0 0 0 0 0 0 0 0 0 0 0 0 0 0 0
102 0 0 0 0 0 99 0 1 0 0 0 0 0 0 0 0 0 0 14 268 0 0 115 11 1 0 0 0 0 9 0 0 0 0 0 0 0 0 0 0 0 0 0 0 49 0 0 0 0 0 0 0 0 0 57 0 0 0 0 0 0 0
102 0 0 0 0 0 100 0 0 0 0 0 0 0 0 0 0 0 0 13 264 0 0 115 11 1 0 0 0 0 10 0 0 0 0 0 0 0 0 0 0 0 0 0 0 50 0 0 0 0 0 0 0 0 0 57 0 0 0 0 0 0 0
102 0 0 0 0 0 101 0 1 0 0 0 0 0 0 0 0 0 0 13 261 0 0 118 11 1 0 0 0 0 11 0 0 0 0 0 0 0 0 0 0 0 0 0 0 50 0 0 0 0 0 0 0 0 0 58 0 0 0 0 0 0 0
101 0 0 0 0 0 100 0 1 0 0 0 0 0 0 0 0 0 0 12 249 0 0 117 9 1 0 0 0 0 10 0 0 0 0 0 0 0 0 0 0 0 0 0 0 50 0 0 0 0 0 0 0 0 0 57 0 0 0 0 0 0 0
100 0 0 0 0 0 92 0 1 0 0 0 0 0 0 0 0 0 0 12 201 0 0 115 6 1 0 0 0 0 9 0 0 0 0 0 0 0 0 0 0 0 0 0 0 49 0 0 0 0 0 0 0 0 0 52 0 0 0 0 0 0 0
102 0 0 0 2 0 53 0 0 0 0 0 0 0 0 0 0 0 0 12 237 0 0 115 8 1 0 0 0 0 6 0 0 0 0 0 0 0 0 0 0 0 0 0 0 50 0 0 0 0 0 0 0 0 0 46 0 0 0 0 0 0 0
95 0 0 0 0 0 9 0 0 0 0 0 0 0 0 0 0 0 0 12 38 0 0 110 4 1 0 0 0 0 10 0 0 0 0 0 0 0 0 0 0 0 0 0 0 49 0 0 0 0 0 0 0 0 0 46 0 0 0 0 0 0 0
101 0 0 0 0 0 99 0 0 0 0 0 0 0 0 0 0 0 0 12 248 0 0 116 8 1 0 0 0 0 11 0 0 0 0 0 0 0 0 0 0 0 0 0 0 48 0 0 0 0 0 0 0 0 0 47 0 0 0 0 0 0 0
101 0 0 0 4 0 93 0 1 0 0 0 0 0 0 0 0 0 0 12 248 0 0 87 5 1 0 0 0 0 7 0 0 0 0 0 0 0 0 0 0 0 0 0 0 50 0 0 0 0 0 0 0 0 0 58 0 0 0 0 0 0 0
102 0 0 0 0 0 100 0 0 0 0 0 0 0 0 0 0 0 0 13 152 0 0 117 6 1 0 0 0 0 10 0 0 0 0 0 0 0 0 0 0 0 0 0 0 49 0 0 0 0 0 0 0 0 0 19 0 0 0 0 0 0 0
91 0 0 0 0 0 0 0 1 0 0 0 0 0 0 0 0 0 0 5 5 0 0 67 9 0 0 0 0 0 5 0 0 0 0 0 0 0 0 0 0 0 0 0 0 17 0 0 0 0 0 0 0 0 0 17 0 0 0 0 0 0 0
0 0 0 0 0 0 0 0 0 0 0 0 0 0 0 0 0 0 0 0 0 0 0 0 0 0 0 0 0 0 0 0 0 0 0 0 0 0 0 0 0 0 0 0 0 0 0 0 0 0 0 0 0 0 0 0 0 0 0 0 0 0 0
35 0 0 0 0 0 98 0 0 0 0 0 0 0 0 0 0 0 0 14 265 0 0 109 11 1 0 0 0 0 10 0 0 0 0 0 0 0 0 0 0 0 0 0 0 48 0 0 0 0 0 0 0 0 0 58 0 0 0 0 0 0 0
0 0 0 0 0 0 97 0 0 0 0 0 0 0 0 0 0 0 0 6 241 0 0 114 12 1 0 0 0 0 5 0 0 0 0 0 0 0 0 0 0 0 0 0 0 12 0 0 0 0 0 0 0 0 0 36 0 0 0 0 0 0 0
102 0 0 0 0 0 100 0 0 0 0 0 0 0 0 0 0 0 0 9 248 0 0 116 12 1 0 0 0 0 9 0 0 0 0 0 0 0 0 0 0 0 0 0 0 50 0 0 0 0 0 0 0 0 0 57 0 0 0 0 0 0 0
102 0 0 0 0 0 99 0 0 0 0 0 0 0 0 0 0 0 0 7 249 0 0 116 11 1 0 0 0 0 10 0 0 0 0 0 0 0 0 0 0 0 0 0 0 50 0 0 0 0 0 0 0 0 0 53 0 0 0 0 0 0 0
91 0 0 0 0 0 87 0 0 0 0 0 0 0 0 0 0 0 0 7 202 0 0 108 10 1 0 0 0 0 9 0 0 0 0 0 0 0 0 0 0 0 0 0 0 47 0 0 0 0 0 0 0 0 0 48 0 0 0 0 0 0 0
86 0 0 0 0 0 94 0 1 0 0 0 0 0 0 0 0 0 0 9 252 0 0 114 12 1 0 0 0 0 9 0 0 0 0 0 0 0 0 0 0 0 0 0 0 48 0 0 0 0 0 0 0 0 0 48 0 0 0 0 0 0 0
91 1 0 0 0 0 97 0 0 0 0 0 0 0 0 0 0 0 0 13 229 0 2 109 11 1 0 0 0 0 10 0 0 0 0 0 0 0 0 0 0 0 0 0 0 50 0 0 0 0 0 0 0 0 0 50 0 0 0 0 0 0 0
99 0 0 0 2 0 96 0 0 0 0 0 0 0 0 0 0 0 0 12 225 0 0 107 11 1 0 0 0 0 10 0 0 0 0 0 0 0 0 0 0 0 0 0 0 47 0 0 0 0 0 0 0 0 0 54 0 0 0 0 0 0 0
83 0 0 0 0 0 63 0 0 0 0 0 0 0 0 0 0 0 0 8 228 0 0 103 1 1 0 0 0 0 7 0 0 0 0 0 0 0 0 0 0 0 0 0 0 46 0 0 0 0 0 0 0 0 0 53 0 0 0 0 0 0 0
102 0 0 0 0 0 99 0 0 0 0 0 0 0 0 0 0 0 0 12 244 0 0 115 12 1 0 0 0 0 10 0 0 0 0 0 0 0 0 0 0 0 0 0 0 50 0 0 0 0 0 0 0 0 0 57 0 0 0 0 0 0 0
32 0 0 0 0 0 97 0 0 0 0 0 0 0 0 0 0 0 0 12 238 0 0 114 12 1 0 0 0 0 11 0 0 0 0 0 0 0 0 0 0 0 0 0 0 49 0 0 0 0 0 0 0 0 0 56 0 0 0 0 0 0 0
0 0 0 0 0 0 0 0 0 0 0 0 0 0 0 0 0 0 0 0 0 0 0 0 0 0 0 0 0 0 0 0 0 0 0 0 0 0 0 0 0 0 0 0 0 0 0 0 0 0 0 0 0 0 0 0 0 0 0 0 0 0 0
71 0 0 0 4 0 98 0 1 0 0 0 0 0 0 0 0 0 0 12 230 0 0 111 11 1 0 0 0 0 11 0 0 0 0 0 0 0 0 0 0 0 0 0 0 1 0 0 0 0 0 0 0 0 0 0 0 0 0 0 0 0 0
102 0 0 0 0 0 95 0 0 0 0 0 0 0 0 0 0 0 0 11 241 0 0 115 12 1 0 0 0 0 10 0 0 0 0 0 0 0 0 0 0 0 0 0 0 50 0 0 0 0 0 0 0 0 0 57 0 0 0 0 0 0 0
102 0 0 0 0 0 99 0 0 0 0 0 0 0 0 0 0 0 0 14 236 0 0 116 12 1 0 0 0 0 11 0 0 0 0 0 0 0 0 0 0 0 0 0 0 49 0 0 0 0 0 0 0 0 0 57 0 0 0 0 0 0 0
101 0 0 0 0 0 97 0 0 0 0 0 0 0 0 0 0 0 0 12 235 0 0 114 12 1 0 0 0 0 10 0 0 0 0 0 0 0 0 0 0 0 0 0 0 49 0 0 0 0 0 0 0 0 0 57 0 0 0 0 0 0 0
28 0 0 0 0 0 19 0 0 0 0 0 0 0 0 0 0 0 0 8 205 0 0 34 8 0 0 0 0 0 3 0 0 0 0 0 0 0 0 0 0 0 0 0 0 27 0 0 0 0 0 0 0 0 0 29 0 0 0 0 0 0 0
101 0 0 0 0 0 77 0 0 0 0 0 0 0 0 0 0 0 0 9 233 0 0 103 10 1 0 1 0 0 9 0 0 0 0 0 0 0 0 0 0 0 0 0 0 46 0 0 0 0 0 0 0 0 0 25 0 0 0 0 0 0 0
101 0 0 0 4 0 68 0 1 0 0 0 0 0 0 0 0 0 0 9 184 0 0 111 11 1 0 0 0 0 10 0 0 0 0 0 0 0 0 0 0 0 0 0 0 49 0 0 0 0 0 0 0 0 0 54 0 0 0 0 0 0 0
71 0 0 0 0 0 96 0 0 0 0 0 0 0 0 0 0 0 0 11 242 0 0 105 11 1 0 0 0 0 8 0 0 0 0 0 0 0 0 0 0 0 0 0 0 47 0 0 0 0 0 0 0 0 0 0 0 0 0 0 0 0 0
33 0 0 0 0 0 48 0 0 0 0 0 0 0 0 0 0 0 0 10 201 0 0 54 0 1 0 0 0 0 9 0 0 0 0 0 0 0 0 0 0 0 0 0 0 48 0 0 0 0 0 0 0 0 0 37 0 0 0 0 0 0 0
101 0 0 0 0 0 97 0 0 0 0 0 0 0 0 0 0 0 0 10 251 0 0 107 11 1 0 0 0 0 8 0 0 0 0 0 0 0 0 0 0 0 0 0 0 46 0 0 0 0 0 0 0 0 0 57 0 0 0 0 0 0 0
97 0 0 0 0 0 96 0 0 0 0 0 0 0 0 0 0 0 0 10 251 0 0 106 11 1 0 0 0 0 9 0 0 0 0 0 0 0 0 0 0 0 0 0 0 47 0 0 0 0 0 0 0 0 0 57 0 0 0 0 0 0 0
0 0 0 0 0 0 0 0 0 0 0 0 0 0 0 0 0 0 0 0 0 0 0 0 0 0 0 0 0 0 0 0 0 0 0 0 0 0 0 0 0 0 0 0 0 0 0 0 0 0 0 0 0 0 0 0 0 0 0 0 0 0 0
99 0 0 0 2 0 98 0 0 0 0 0 0 0 0 0 0 0 0 32 260 0 0 111 11 1 0 0 0 0 10 0 0 0 0 0 0 0 0 0 0 0 0 0 0 48 0 0 0 0 0 0 0 0 0 57 0 0 0 0 0 0 0
102 0 0 0 4 0 99 0 0 0 0 0 0 0 0 0 0 0 0 12 257 0 0 115 12 1 0 0 0 0 10 0 0 0 0 0 0 0 0 0 0 0 0 0 0 48 0 0 0 0 0 0 0 0 0 57 0 0 0 0 0 0 0
102 0 0 0 0 0 96 0 0 0 0 0 0 0 0 0 0 0 0 12 241 0 0 114 12 1 0 0 0 0 9 0 0 0 0 0 0 0 0 0 0 0 0 0 0 46 0 0 0 0 0 0 0 0 0 57 0 0 0 0 0 0 0
101 0 0 0 0 0 97 0 0 0 0 0 0 0 0 0 0 0 0 11 248 0 0 113 11 1 0 0 0 0 10 0 0 0 0 0 0 0 0 0 0 0 0 0 0 47 0 0 0 0 0 0 0 0 0 57 0 0 0 0 0 0 0
102 0 0 0 0 0 93 0 0 0 0 0 0 0 0 0 0 0 0 11 246 0 0 111 11 1 0 0 0 0 10 0 0 0 0 0 0 0 0 0 0 0 0 0 0 48 0 0 0 0 0 0 0 0 0 54 0 0 0 0 0 0 0
102 0 0 0 0 0 99 0 0 0 0 0 0 0 0 0 0 0 0 10 237 0 0 113 12 1 0 0 0 0 10 0 0 0 0 0 0 0 0 0 0 0 0 0 0 47 0 0 0 0 0 0 0 0 0 55 0 0 0 0 0 0 0
97 0 0 0 0 0 60 0 1 0 0 0 0 0 0 0 0 0 0 11 209 0 0 117 11 1 0 0 0 0 10 0 0 0 0 0 0 0 0 0 0 0 0 0 0 46 0 0 0 0 0 0 0 0 0 57 0 0 0 0 0 0 0
100 0 0 0 0 0 92 0 0 0 0 0 0 0 0 0 0 0 0 31 243 0 0 119 12 1 0 0 0 0 9 0 0 0 0 0 0 0 0 0 0 0 0 0 0 48 0 0 0 0 0 0 0 0 0 57 0 0 0 0 0 0 0
71 0 0 0 0 0 55 0 1 0 0 0 0 0 0 0 0 0 0 19 250 0 0 110 8 1 0 1 0 0 11 0 2 0 11 0 0 0 0 0 0 0 0 0 0 45 0 0 0 0 0 0 0 0 0 55 0 0 0 0 0 0 0
99 0 0 0 0 0 96 0 0 0 0 0 0 0 0 0 0 0 0 11 252 0 0 108 11 1 0 0 0 0 9 0 0 0 11 0 0 0 0 0 0 0 0 0 0 47 0 0 0 0 0 0 0 0 0 55 0 0 0 0 0 0 0
101 0 0 0 0 0 96 0 0 0 0 0 0 0 0 0 0 0 0 10 257 0 0 113 12 1 1 0 0 0 10 0 0 0 11 0 0 0 0 0 0 0 0 0 0 48 0 0 0 0 0 0 0 0 0 55 0 0 0 0 0 0 0
0 0 0 0 0 0 0 0 0 0 0 0 0 0 0 0 0 0 0 0 0 0 0 0 0 0 0 0 0 0 0 0 0 0 0 0 0 0 0 0 0 0 0 0 0 0 0 0 0 0 0 0 0 0 0 0 0 0 0 0 0 0 0
102 0 0 0 0 0 63 0 0 0 0 0 0 0 0 0 0 0 0 11 11 0 0 112 12 1 0 0 0 0 8 0 0 0 11 0 0 0 0 0 0 0 0 0 0 49 0 0 0 0 0 0 0 0 0 57 0 0 0 0 0 0 0
0 0 0 0 0 0 0 0 0 0 0 0 0 0 0 0 0 0 0 0 0 0 0 0 0 0 0 0 0 0 0 0 0 0 0 0 0 0 0 0 0 0 0 0 0 0 0 0 0 0 0 0 0 0 0 0 0 0 0 0 0 0 0
0 0 0 0 0 0 0 0 0 0 0 0 0 0 0 0 0 0 0 0 0 0 0 0 0 0 0 0 0 0 0 0 0 0 0 0 0 0 0 0 0 0 0 0 0 0 0 0 0 0 0 0 0 0 0 0 0 0 0 0 0 0 0
101 0 0 0 0 0 96 0 0 0 0 0 0 0 0 0 0 0 0 11 235 0 0 112 12 1 0 0 0 0 9 0 7 0 11 0 0 0 0 0 0 0 0 0 0 48 0 0 0 0 0 0 0 0 0 51 0 0 0 0 0 0 0
87 0 0 0 0 0 21 0 0 0 0 0 0 0 0 0 0 0 0 12 221 0 0 110 12 1 0 0 0 0 9 0 7 0 9 0 0 0 0 0 0 0 0 0 0 27 0 0 0 0 0 0 0 0 0 47 0 0 0 0 0 0 0
80 0 0 0 0 0 55 0 0 0 0 0 0 0 0 0 0 0 0 10 205 0 0 46 0 1 0 0 0 0 4 0 7 0 11 0 0 0 0 0 0 0 0 0 0 18 0 0 0 0 0 0 0 0 0 20 0 0 0 0 0 0 0
95 0 0 0 0 0 92 0 0 0 0 0 0 0 0 0 0 0 0 11 225 0 0 108 4 0 0 0 0 0 9 0 0 0 11 0 0 0 0 0 0 0 0 0 0 40 0 0 0 0 0 0 0 0 0 53 0 0 0 0 0 0 0
94 0 0 0 0 0 87 0 1 0 0 0 0 0 0 0 0 0 0 14 246 0 0 114 11 1 0 0 0 0 8 0 7 0 11 0 0 0 0 0 0 0 0 0 0 41 0 0 0 0 0 0 0 0 0 25 0 0 0 0 0 0 0
98 0 0 0 4 0 89 0 0 0 0 0 0 0 0 0 0 0 0 12 240 0 0 114 11 1 1 0 0 0 8 0 8 0 11 0 0 0 0 0 0 0 0 0 0 50 0 0 0 0 0 0 0 0 0 53 0 0 0 0 0 0 0
100 0 0 0 0 0 97 0 1 0 0 0 0 0 0 0 0 0 0 12 259 0 0 111 11 1 0 1 0 0 8 0 7 0 11 0 0 0 0 0 0 0 0 0 0 48 0 0 1 0 0 0 0 0 0 52 0 0 0 0 0 0 0
99 0 0 0 0 0 92 0 0 0 0 0 0 0 0 0 0 0 0 12 239 0 0 113 11 1 0 0 0 0 7 0 7 0 11 0 0 0 0 0 0 0 0 0 0 48 0 0 3 0 0 0 0 0 0 53 0 0 0 0 0 0 0
0 0 0 0 0 0 0 0 0 0 0 0 0 0 0 0 0 0 0 0 0 0 0 0 0 0 0 0 0 0 0 0 0 0 0 0 0 0 0 0 0 0 0 0 0 0 0 0 0 0 0 0 0 0 0 0 0 0 0 0 0 0 0
102 0 0 0 0 0 100 0 1 0 0 0 0 0 0 0 0 0 0 13 252 0 0 108 11 1 0 1 0 0 7 0 7 0 11 0 0 0 0 0 0 0 0 0 0 49 0 0 0 0 0 0 0 0 0 6 0 0 0 0 0 0 0
102 0 0 0 0 0 96 0 0 0 0 0 0 0 0 0 0 0 0 12 242 0 0 118 12 1 0 1 0 0 9 0 7 0 11 0 0 0 0 0 0 0 0 0 0 50 0 0 3 0 0 0 0 0 0 57 0 0 0 0 0 0 0
102 0 0 0 0 0 99 0 0 0 0 0 0 0 0 0 0 0 0 12 227 0 0 117 11 1 0 0 0 0 10 0 7 0 11 0 0 0 0 0 0 0 0 0 0 48 0 0 2 0 0 0 0 0 0 58 0 0 0 0 0 0 0
101 0 0 0 0 0 98 0 0 0 0 0 0 0 0 0 0 0 0 12 219 0 0 112 11 1 0 0 0 0 11 0 7 0 11 0 0 0 0 0 0 0 0 0 0 47 0 0 0 0 0 0 0 0 0 52 0 0 0 0 0 0 0
100 0 0 0 0 0 93 0 1 0 0 0 0 0 0 0 0 0 0 7 206 0 0 99 0 0 0 0 0 0 7 0 7 0 10 0 0 0 0 0 0 0 0 0 0 0 0 0 0 0 0 0 0 0 0 0 0 0 0 0 0 0 0
100 0 0 0 0 0 94 0 1 0 0 0 0 0 0 0 0 0 0 11 220 0 0 79 11 0 0 0 0 0 9 0 3 0 11 0 0 0 0 0 0 0 0 0 0 30 0 0 0 0 0 0 0 0 0 53 0 0 0 0 0 0 0
102 0 0 0 0 0 33 0 0 0 0 0 0 0 0 0 0 0 0 11 229 0 0 118 12 1 0 2 0 0 11 0 6 0 2 0 0 0 0 0 0 0 0 0 0 49 0 0 0 0 0 0 0 0 0 30 0 0 0 0 0 0 0
102 0 0 0 0 0 99 0 0 0 0 0 0 0 0 0 0 0 0 10 219 0 0 108 11 1 0 2 0 0 9 0 7 0 11 0 0 0 0 0 0 0 0 0 0 41 0 0 0 0 0 0 0 0 0 50 0 0 0 0 0 0 0
92 0 0 0 0 0 92 0 0 0 0 0 0 0 0 0 0 0 0 10 217 0 0 116 12 1 0 0 0 0 8 0 7 0 11 0 0 0 0 0 0 0 0 0 0 43 0 0 0 0 0 0 0 0 0 51 0 0 0 0 0 0 0
95 0 0 0 0 0 83 0 0 0 0 0 0 0 0 0 0 0 0 11 223 0 0 106 10 1 0 1 0 0 8 0 7 0 9 0 0 0 0 0 0 0 0 0 0 42 0 0 2 0 0 0 0 0 0 57 0 0 0 0 0 0 0
94 0 0 0 4 0 94 0 0 0 0 0 0 0 0 0 0 0 0 12 244 0 0 112 11 1 0 1 0 0 10 0 7 0 11 0 0 0 0 0 0 0 0 0 0 45 0 0 0 0 0 0 0 0 0 57 0 0 0 0 0 0 0
0 0 0 0 0 0 0 0 0 0 0 0 0 0 0 0 0 0 0 0 0 0 0 0 0 0 0 0 0 0 0 0 0 0 0 0 0 0 0 0 0 0 0 0 0 0 0 0 0 0 0 0 0 0 0 0 0 0 0 0 0 0 0
95 0 0 0 0 0 97 0 1 0 0 0 0 0 0 0 0 0 0 13 246 0 0 112 4 1 0 2 0 0 8 0 7 0 11 0 0 0 0 0 0 0 0 0 0 49 0 0 2 0 0 0 0 0 0 56 0 0 0 0 0 0 0
0 0 0 0 0 0 0 0 0 0 0 0 0 0 0 0 0 0 0 0 12 0 0 0 0 0 0 0 0 0 0 0 0 0 0 0 0 0 0 0 0 0 0 0 0 0 0 0 0 0 0 0 0 0 0 0 0 0 0 0 0 0 0
102 0 0 0 0 0 98 0 0 0 0 0 0 0 0 0 0 0 0 18 237 0 0 115 11 1 0 1 0 0 10 0 7 0 11 0 0 0 0 0 0 0 0 0 0 49 0 0 4 0 0 0 0 0 0 57 0 0 0 0 0 0 0
98 0 0 0 0 0 90 0 0 0 0 0 0 0 0 0 0 0 0 15 227 0 0 113 10 1 0 1 0 0 9 0 6 0 11 0 0 0 0 0 0 0 0 0 0 36 0 0 3 0 0 0 0 0 0 51 0 0 0 0 0 0 0
79 0 0 0 0 0 87 0 0 0 0 0 0 0 0 0 0 0 0 15 210 0 0 104 11 1 0 1 0 0 8 0 7 0 11 0 0 0 0 0 0 0 0 0 0 41 0 0 0 0 0 0 0 0 0 46 0 0 0 0 0 0 0
52 0 0 0 0 0 92 0 0 0 0 0 0 0 0 0 0 0 0 10 214 0 0 111 10 1 0 1 0 0 10 0 7 0 11 0 0 0 0 0 0 0 0 0 0 42 0 0 0 0 0 0 0 0 0 48 0 0 0 0 0 0 0
94 0 0 0 0 0 31 0 0 0 0 0 0 0 0 0 0 0 0 10 32 0 0 104 3 1 0 1 0 0 9 2 7 0 11 0 0 0 0 0 0 0 0 0 0 49 0 0 1 0 0 0 0 0 0 44 0 0 0 0 0 0 0
22 0 0 0 0 0 65 0 1 0 0 0 0 0 0 0 0 0 0 8 179 0 0 92 3 1 0 1 0 0 8 0 7 0 0 0 0 0 0 0 0 0 0 0 0 3 0 0 0 0 0 0 0 0 0 41 0 0 0 0 0 0 0
92 0 0 0 0 0 61 0 0 0 0 0 0 0 0 0 0 0 0 5 99 0 0 0 4 0 0 0 0 0 8 1 0 0 0 0 0 0 0 0 0 0 0 0 0 0 0 0 0 0 0 0 0 0 0 36 0 0 0 0 0 0 0
94 0 0 0 0 0 93 0 1 0 0 0 0 0 0 0 0 0 0 15 244 0 0 108 11 1 0 1 0 0 9 2 7 0 11 0 0 0 0 0 0 0 0 0 0 44 0 0 8 0 0 0 0 0 0 51 0 0 0 0 0 0 0
2 0 0 0 0 0 23 0 1 0 0 0 0 0 0 0 0 0 0 8 57 0 0 10 0 1 0 1 0 0 10 2 7 0 1 0 0 0 0 0 0 0 0 0 0 46 0 0 10 0 0 0 0 0 0 54 0 0 0 0 0 0 0
0 0 0 0 0 0 0 0 0 0 0 0 0 0 0 0 0 0 0 0 0 0 0 0 0 0 0 0 0 0 0 0 0 0 0 0 0 0 0 0 0 0 0 0 0 0 0 0 0 0 0 0 0 0 0 0 0 0 0 0 0 0 0
99 0 0 0 0 0 99 0 0 0 0 0 0 0 0 0 0 0 0 12 246 0 0 109 11 1 1 1 0 0 8 1 7 0 11 0 0 0 0 0 0 0 0 0 0 46 0 0 9 0 0 0 0 0 0 51 0 0 0 0 0 0 0
0 0 0 0 0 0 0 0 0 0 0 0 0 0 0 0 0 0 0 0 0 0 0 0 0 0 0 0 0 0 0 0 0 0 0 0 0 0 0 0 0 0 0 0 0 0 0 0 1 0 0 0 0 0 0 42 0 0 0 0 0 0 0
101 0 0 0 0 0 98 0 1 0 0 0 0 0 0 0 0 0 0 16 240 0 0 116 11 1 5 1 0 0 10 2 7 0 11 0 0 0 0 0 0 0 0 0 0 49 0 0 9 0 0 0 0 0 0 54 0 0 0 0 0 0 0
97 0 0 0 0 0 92 0 0 0 0 0 0 0 0 0 0 0 0 13 239 0 0 119 9 1 5 1 0 0 10 1 7 0 11 0 0 0 0 0 0 0 0 0 0 45 0 0 9 0 0 0 0 0 0 49 0 0 0 0 0 0 0
102 0 0 0 0 0 91 0 0 0 0 0 0 0 0 0 0 0 0 14 225 0 0 127 11 1 5 1 0 0 8 2 7 0 10 0 0 0 0 0 0 0 0 0 0 45 0 0 9 0 0 0 0 0 0 47 0 0 0 0 0 0 0
93 0 0 0 0 0 80 0 0 0 0 0 0 0 0 0 0 0 0 14 214 0 0 108 8 1 0 0 0 0 0 2 0 0 10 0 0 0 0 0 0 0 0 0 0 25 0 0 6 0 0 0 0 0 0 42 0 0 0 0 0 0 0
97 0 0 0 0 0 91 0 0 0 0 0 0 0 0 0 0 0 0 13 219 0 0 113 7 1 0 0 0 0 7 1 5 0 10 0 0 0 0 0 0 0 0 0 0 46 0 0 5 0 0 0 0 0 0 50 0 0 0 0 0 0 0
93 0 0 0 0 0 89 0 0 0 0 0 0 0 0 0 0 0 0 14 203 0 0 109 5 1 0 1 0 0 0 1 2 0 10 0 0 0 0 0 0 0 0 0 0 23 0 0 4 0 0 0 0 0 0 43 0 0 0 0 0 0 0
87 0 0 0 0 0 98 0 1 0 0 0 0 0 0 0 0 0 0 14 233 0 0 124 12 1 4 3 0 0 11 2 7 0 11 0 0 0 0 0 0 0 0 0 0 39 0 0 9 0 0 0 0 0 0 49 0 0 0 0 0 0 0
100 0 0 0 0 0 18 0 0 0 0 0 0 0 0 0 0 0 0 13 220 0 0 107 12 0 1 1 0 0 10 2 0 0 11 0 0 0 0 0 0 0 0 0 0 50 0 0 14 0 0 0 0 0 0 57 0 0 0 0 0 0 0
96 0 0 0 0 0 55 0 1 0 0 0 0 0 0 0 0 0 0 14 237 0 0 118 11 1 2 4 0 0 9 2 7 0 11 0 0 0 0 0 0 0 0 0 0 48 0 0 9 0 0 0 0 0 0 53 0 0 0 0 0 0 0
0 0 0 0 0 0 0 0 0 0 0 0 0 0 0 0 0 0 0 0 0 0 0 0 0 0 0 0 0 0 0 0 0 0 0 0 0 0 0 0 0 0 0 0 0 0 0 0 0 0 0 0 0 0 0 0 0 0 0 0 0 0 0
101 0 0 0 0 0 99 0 0 0 0 0 0 0 0 0 0 0 0 14 284 0 0 126 11 1 6 3 0 0 9 2 7 0 11 0 0 0 0 0 0 0 0 0 0 49 0 0 9 0 0 0 0 0 0 57 0 0 0 0 0 0 0
102 0 0 0 0 0 101 0 1 0 0 0 0 0 0 0 0 0 0 14 256 0 0 132 12 1 6 4 0 0 10 2 7 0 11 0 0 0 0 0 0 0 0 0 0 50 0 0 7 0 0 0 0 0 0 59 0 0 0 0 0 0 0
105 1 0 0 0 0 94 0 0 0 0 0 0 0 0 0 0 0 0 14 243 0 0 127 12 1 3 3 0 0 10 2 7 0 11 0 0 0 0 0 0 0 0 0 0 50 0 0 5 0 0 0 0 0 0 55 0 0 0 0 0 0 0
96 0 0 0 0 0 97 0 0 0 0 0 0 0 0 0 0 0 0 14 221 0 0 114 10 1 2 1 0 0 8 2 7 0 10 0 0 0 0 0 0 0 0 0 0 35 0 0 0 0 0 0 0 0 0 36 0 0 0 0 0 0 0
71 0 0 0 0 0 71 0 0 0 0 0 0 0 0 0 0 0 0 14 235 0 0 34 0 0 0 1 0 0 0 0 6 0 11 0 0 0 0 0 0 0 0 0 0 6 0 0 0 0 0 0 0 0 0 31 0 0 0 0 0 0 0
18 0 0 0 0 0 87 0 0 0 0 0 0 0 0 0 0 0 0 14 204 0 0 74 5 1 5 1 0 0 8 1 4 0 10 0 0 0 0 0 0 0 0 0 0 39 0 0 0 0 0 0 0 0 0 34 0 0 0 0 0 0 0
95 0 0 0 0 0 79 0 0 0 0 0 0 0 0 0 0 0 0 14 214 0 0 109 4 1 5 1 0 0 10 1 3 0 10 0 0 0 0 0 0 0 0 0 0 45 0 0 0 0 0 0 0 0 0 43 0 0 0 0 0 0 0
100 0 0 0 0 0 85 0 0 0 0 0 0 0 0 0 0 0 0 14 242 0 0 118 10 1 6 1 0 0 9 2 6 0 11 0 0 0 0 0 0 0 0 0 0 47 0 0 0 0 0 0 0 0 0 52 0 0 0 0 0 0 0
95 0 0 0 0 0 95 0 0 0 0 0 0 0 0 0 0 0 0 18 252 0 0 117 12 1 7 5 0 0 10 2 7 0 11 0 0 0 0 0 0 0 0 0 0 48 0 0 0 0 0 0 0 0 0 52 0 0 0 0 0 0 0
97 0 0 0 0 0 97 0 0 0 0 0 0 0 0 0 0 0 0 21 257 0 0 118 10 1 8 2 0 0 9 2 7 0 11 0 0 0 0 0 0 0 0 0 0 47 0 0 0 0 0 0 0 0 0 49 0 0 0 0 0 0 0
102 0 0 0 0 0 94 0 1 0 0 0 0 0 0 0 0 0 0 21 247 0 0 123 11 1 7 5 0 0 9 2 7 0 11 0 0 0 0 0 0 0 0 0 0 50 0 0 0 0 0 0 0 0 0 52 0 0 0 0 0 0 0
0 0 0 0 0 0 0 0 0 0 0 0 0 0 0 0 0 0 0 0 0 0 0 0 0 0 0 0 0 0 0 0 0 0 0 0 0 0 0 0 0 0 0 0 0 0 0 0 0 0 0 0 0 0 0 0 0 0 0 0 0 0 0
98 0 0 0 0 0 98 0 0 0 0 0 0 0 0 0 0 0 0 17 257 0 0 121 11 1 9 5 0 0 8 1 7 0 11 0 0 0 0 0 0 0 0 0 0 48 0 0 0 0 0 0 0 0 0 56 0 0 0 0 0 0 0
102 0 0 0 0 0 97 0 0 0 0 0 0 0 0 0 0 0 0 20 250 0 0 118 11 1 9 3 0 0 9 1 7 0 11 0 0 0 0 0 0 0 0 0 0 48 0 0 2 0 0 0 0 0 0 57 0 0 0 0 0 0 0
100 0 0 0 0 0 95 0 0 0 0 0 0 0 0 0 0 0 0 16 246 0 0 127 11 1 9 5 0 0 9 1 5 0 10 0 0 1 0 0 0 0 0 0 0 48 0 0 0 0 0 0 0 0 0 52 0 0 0 0 0 0 0
102 0 0 0 0 0 97 0 0 0 0 0 0 0 0 0 0 0 0 18 252 0 0 119 11 1 10 1 0 0 9 1 7 0 11 0 0 0 0 0 0 0 0 0 0 48 0 0 0 0 0 0 0 0 0 58 0 0 0 0 0 0 0
42 0 0 0 0 0 92 0 0 0 0 0 0 0 0 0 0 0 0 17 245 0 0 7 0 1 7 1 0 0 0 0 2 0 11 0 0 0 0 0 0 0 0 0 0 0 0 0 4 0 0 0 0 0 0 47 0 0 0 0 0 0 0
98 0 0 0 0 0 93 0 0 0 0 0 0 0 0 0 0 0 0 18 237 0 0 113 9 1 10 1 0 0 9 1 7 0 11 0 0 0 0 0 0 0 0 0 0 43 0 0 0 0 0 0 0 0 0 52 0 0 0 0 0 0 0
77 0 0 0 0 0 83 0 0 0 0 0 0 0 0 0 0 0 0 17 220 0 15 108 9 1 7 1 0 0 9 1 4 0 11 0 0 0 0 0 0 0 0 0 0 45 0 0 0 0 0 0 0 0 0 39 0 0 0 0 0 0 0
96 0 0 0 0 0 90 0 0 0 0 0 0 0 0 0 0 0 0 18 241 0 25 122 4 1 10 1 0 0 10 1 2 0 11 0 0 0 0 0 0 0 0 0 0 44 0 0 3 0 0 0 0 0 0 50 0 0 0 0 0 0 0
117 0 0 0 0 0 72 0 0 0 0 0 0 0 0 0 0 0 0 22 214 2 32 115 9 1 7 5 0 0 11 2 5 0 11 0 0 0 0 0 0 0 0 0 0 50 0 0 6 0 0 0 0 0 0 50 0 0 0 0 0 0 0
44 0 0 0 0 0 19 0 0 0 0 0 0 0 0 0 0 0 0 0 123 0 0 0 0 0 5 1 0 0 0 0 0 0 10 0 0 0 0 0 0 0 0 0 0 0 0 0 0 0 0 0 0 0 0 31 0 0 0 0 0 0 0
111 0 0 0 0 0 100 0 0 0 0 0 0 0 0 0 0 0 0 20 268 0 30 128 11 1 14 2 0 0 10 1 7 0 11 0 0 0 0 0 0 0 0 0 0 50 0 0 3 0 0 0 0 0 0 58 0 0 0 0 0 0 0
0 0 0 0 0 0 0 0 0 0 0 0 0 0 0 0 0 0 0 0 0 0 0 0 0 0 0 0 0 0 0 0 0 0 0 0 0 0 0 0 0 0 0 0 0 0 0 0 0 0 0 0 0 0 0 0 0 0 0 0 0 0 0
109 0 0 0 2 0 99 0 0 0 0 0 0 0 0 0 0 0 0 23 253 15 34 116 11 1 20 4 0 0 9 1 7 0 11 0 0 0 0 0 0 0 0 0 0 50 0 0 3 0 0 0 0 0 0 58 0 0 0 0 0 0 0
119 0 0 0 0 0 98 0 0 0 0 0 0 0 0 0 0 0 0 22 257 19 34 123 11 1 12 1 0 0 8 2 7 0 11 0 0 0 0 0 0 0 0 0 0 49 0 0 7 0 0 0 0 0 0 58 0 0 0 0 0 0 0
120 0 0 0 4 0 99 0 0 0 0 0 0 0 0 0 0 0 0 24 259 19 34 124 11 1 14 3 0 0 9 1 7 0 11 0 0 0 0 0 0 0 0 0 0 47 0 0 8 0 0 0 0 0 0 58 0 0 0 0 0 0 0
116 0 0 0 0 0 96 0 1 0 0 0 0 0 0 0 0 0 0 20 257 19 34 126 8 1 12 1 0 0 11 1 7 0 11 0 0 0 0 0 0 0 0 0 0 50 0 0 3 0 0 0 0 0 0 57 0 0 0 0 0 0 0
109 0 0 0 0 0 93 0 0 0 0 0 0 0 0 0 0 0 0 20 235 14 32 113 8 1 10 1 0 0 9 1 7 0 11 0 0 0 0 0 0 0 0 0 0 46 0 0 3 0 0 0 0 0 0 46 0 0 0 0 0 0 0
105 0 0 0 0 0 94 0 0 0 0 0 0 0 0 0 0 0 0 20 219 12 30 107 0 1 14 1 0 0 9 1 4 0 10 0 0 0 0 0 0 0 0 0 0 38 0 0 6 0 0 0 0 0 0 53 0 0 0 0 0 0 0
44 0 0 0 0 0 92 0 0 0 0 0 0 0 0 0 0 0 0 22 217 0 18 110 0 1 9 1 0 0 7 1 4 0 11 0 0 0 0 0 0 0 0 0 0 34 0 0 3 0 0 0 0 0 0 46 0 0 0 0 0 0 0
9 0 0 0 0 0 97 0 0 0 0 0 0 0 0 0 0 0 0 12 188 7 28 64 0 0 0 0 0 0 0 0 0 0 0 0 0 0 0 0 0 0 0 0 0 43 0 0 0 0 0 0 0 0 0 6 0 0 0 0 0 0 0
22 0 0 0 0 0 92 0 0 0 0 0 0 0 0 0 0 0 0 7 262 15 32 115 0 1 6 1 0 0 6 1 5 0 10 0 0 0 0 0 0 0 0 0 0 44 0 0 8 0 0 0 0 0 0 53 0 0 0 0 0 0 0
119 0 0 0 0 0 97 0 0 0 0 0 0 0 0 0 0 0 0 43 262 19 34 120 9 1 12 1 0 0 9 1 7 0 11 0 0 0 0 0 0 0 0 0 0 49 0 0 6 0 0 0 0 0 0 57 0 0 0 0 0 0 0
118 0 0 0 0 0 94 0 0 0 0 0 0 0 0 0 0 0 0 24 258 19 34 121 10 1 12 1 0 0 9 2 7 0 11 0 0 0 0 0 0 0 0 0 0 49 0 0 3 0 0 0 0 0 0 57 0 0 0 0 0 0 0
0 0 0 0 0 0 0 0 0 0 0 0 0 0 0 0 0 0 0 0 0 0 0 0 0 0 0 0 0 0 0 0 0 0 0 0 0 0 0 0 0 0 0 0 0 0 0 0 0 0 0 0 0 0 0 0 0 0 0 0 0 0 0
118 0 0 0 2 0 100 0 0 0 0 0 0 0 0 0 0 0 0 24 264 19 34 125 10 1 7 2 0 0 9 2 7 0 11 0 0 0 0 0 0 0 0 0 0 47 0 0 4 0 0 0 0 0 0 58 0 0 0 0 0 0 0
95 0 0 0 0 0 96 0 0 0 0 0 0 0 0 0 0 0 0 24 194 3 22 98 9 1 6 0 0 0 11 1 7 0 11 0 0 0 0 0 0 0 0 0 0 47 0 0 3 0 0 0 0 0 0 48 0 0 0 0 0 0 0
115 0 0 0 0 0 93 0 0 0 0 0 0 0 0 0 0 0 0 24 251 19 34 121 11 1 7 1 0 0 9 1 7 0 11 0 0 0 0 0 0 0 0 0 0 50 0 0 6 0 0 0 0 0 0 54 0 0 0 0 0 0 0
42 0 0 0 0 0 83 0 0 0 0 0 0 0 0 0 0 0 0 15 244 0 0 0 0 0 5 1 0 0 1 0 0 0 11 0 0 0 0 0 0 0 0 0 0 46 0 0 0 0 0 0 0 0 0 48 0 0 0 0 0 0 0
0 0 0 0 0 0 0 0 0 0 0 0 0 0 0 0 0 0 0 9 0 0 0 0 0 0 0 0 0 0 0 0 0 0 0 0 0 0 0 0 0 0 0 0 0 0 0 0 0 0 0 0 0 0 0 0 0 0 0 0 0 0 0
43 0 0 0 0 0 54 0 0 0 0 0 0 0 0 0 0 0 0 41 230 15 30 98 8 1 6 0 0 0 10 1 5 0 11 0 0 0 0 0 0 0 0 0 0 49 0 0 5 0 0 0 0 0 0 57 0 0 0 0 0 0 0
14 0 0 0 0 0 90 0 0 0 0 0 0 0 0 0 0 0 0 44 265 0 7 94 7 1 5 0 0 0 11 2 5 0 10 0 0 1 0 0 0 0 0 0 0 44 0 0 3 0 0 0 0 0 0 40 0 0 0 0 0 0 0
90 0 0 0 2 0 94 0 1 0 0 0 0 0 0 0 0 0 0 34 271 16 29 121 8 2 6 5 0 0 10 2 7 0 11 0 0 0 0 0 0 0 0 0 0 50 0 0 3 0 0 0 0 0 0 49 0 0 0 0 0 0 0
120 0 0 0 0 0 93 0 0 0 0 0 0 0 0 0 0 0 0 23 279 19 34 125 9 1 6 1 0 0 11 1 7 0 11 0 0 0 0 0 0 0 0 0 0 45 0 0 6 0 0 0 0 0 0 54 0 0 0 0 0 0 0
0 0 0 0 0 0 23 0 0 0 0 0 0 0 0 0 0 0 0 35 150 0 0 107 0 1 9 4 0 0 9 1 0 0 10 0 0 0 0 0 0 0 0 0 0 20 0 0 3 0 0 0 0 0 0 47 0 0 0 0 0 0 0
111 0 0 0 2 0 96 0 0 0 0 0 0 0 0 0 0 0 0 29 281 19 34 124 9 0 15 2 0 0 9 2 7 0 11 0 0 0 0 0 0 0 0 0 0 48 0 0 4 0 0 0 0 0 0 57 0 0 0 0 0 0 0
0 0 0 0 0 0 0 0 0 0 0 0 0 0 0 0 0 0 0 0 0 0 0 0 0 0 0 0 0 0 0 0 0 0 0 0 0 0 0 0 0 0 0 0 0 0 0 0 0 0 0 0 0 0 0 0 0 0 0 0 0 0 0
114 0 0 0 0 0 101 0 0 0 0 0 0 0 0 0 0 0 0 27 294 19 34 121 11 0 22 3 0 0 8 2 7 0 10 0 0 0 0 0 0 0 0 0 0 48 0 0 4 0 0 0 0 0 0 57 0 0 0 0 0 0 0
116 0 0 0 0 0 100 0 0 0 0 0 0 0 0 0 0 0 0 43 289 19 34 123 11 0 20 3 0 0 9 1 7 0 11 0 0 0 0 0 0 0 0 0 0 48 0 0 6 0 0 0 0 0 0 58 0 0 0 0 0 0 0
115 0 0 0 0 0 97 0 0 0 0 0 0 0 0 0 0 0 0 46 279 19 33 122 10 0 20 1 0 0 9 1 7 0 11 0 0 0 0 0 0 0 0 0 0 50 0 0 4 0 0 0 0 0 0 54 0 0 0 0 0 0 0
107 0 0 0 0 0 98 0 0 0 0 0 0 0 0 0 0 0 0 15 287 18 34 122 10 0 20 1 0 0 8 2 7 0 10 0 0 0 0 0 0 0 0 0 0 45 0 0 6 0 0 0 0 0 0 50 0 0 0 0 0 0 0
87 0 0 0 0 0 91 0 0 0 0 0 0 0 0 0 0 0 0 13 255 12 28 101 8 0 20 0 0 0 10 2 7 0 6 0 0 0 0 0 0 0 0 0 0 47 0 0 3 0 0 0 0 0 0 49 0 0 0 0 0 0 0
93 0 0 0 0 0 86 0 0 0 0 0 0 0 0 0 0 0 0 15 216 3 27 80 7 0 15 1 0 0 5 1 5 0 8 0 0 0 0 0 0 0 0 0 0 41 0 0 1 0 0 0 0 0 0 50 0 0 0 0 0 0 0
106 0 0 0 4 0 97 0 0 0 0 0 0 0 0 0 0 0 0 32 218 0 0 2 5 0 20 1 0 0 9 0 7 0 11 0 0 0 0 0 0 0 0 0 0 0 0 0 0 0 0 0 0 0 0 3 0 0 0 0 0 0 0
114 0 0 0 0 0 86 0 0 0 0 0 0 0 0 0 0 0 0 18 247 17 32 44 2 0 20 4 0 0 10 2 7 0 10 0 0 0 0 0 0 0 0 0 0 41 0 0 5 0 0 0 0 0 0 49 0 0 0 0 0 0 0
6 0 0 0 0 0 0 0 0 0 0 0 0 0 0 0 0 0 0 15 220 2 28 75 1 0 13 0 0 0 3 0 5 0 5 0 0 0 0 0 0 0 0 0 0 0 0 0 0 0 0 0 0 0 0 0 0 0 0 0 0 0 0
108 0 0 0 0 0 70 0 0 0 0 0 0 0 0 0 0 0 0 20 203 19 34 118 7 0 20 2 0 0 11 0 7 0 11 0 0 0 0 0 0 0 0 0 0 45 0 0 5 0 0 0 0 0 0 55 0 0 0 0 0 0 0
114 0 0 0 0 0 95 0 0 0 0 0 0 0 0 0 0 0 0 11 278 19 34 121 8 0 20 10 0 0 9 1 7 0 11 0 0 0 0 0 0 0 0 0 0 48 0 0 18 0 0 0 0 0 0 49 0 0 0 0 0 0 0
0 0 0 0 0 0 0 0 0 0 0 0 0 0 0 0 0 0 0 0 0 0 0 0 0 0 0 0 0 0 0 0 0 0 0 0 0 0 0 0 0 0 0 0 0 0 0 0 0 0 0 0 0 0 0 0 0 0 0 0 0 0 0
114 0 0 0 0 0 96 0 1 0 0 0 0 0 0 0 0 0 0 9 277 19 34 119 10 0 20 4 0 0 9 1 7 0 10 0 0 0 0 0 0 0 0 0 0 46 0 0 4 0 0 0 0 0 0 57 0 0 0 0 0 0 0
118 0 0 0 2 0 86 0 1 0 0 0 0 0 0 0 0 0 0 9 278 18 34 122 10 0 20 1 0 0 7 1 7 0 10 0 0 1 0 0 0 0 0 0 0 49 0 0 6 0 0 0 0 0 0 57 0 0 0 0 0 0 0
118 0 0 0 0 0 99 0 1 0 0 0 0 0 0 0 0 0 0 8 281 19 34 118 10 0 20 1 0 0 10 1 7 0 11 0 0 0 0 0 0 0 0 0 0 49 0 0 6 0 0 0 0 0 0 57 0 0 0 0 0 0 0
108 0 0 0 0 0 92 0 0 0 0 0 0 0 0 0 0 0 0 2 257 15 30 116 9 0 19 1 0 0 9 1 6 0 10 0 0 0 0 0 0 0 0 0 0 46 0 0 3 0 0 0 0 0 0 46 0 0 0 0 0 0 0
82 0 0 0 0 0 94 0 0 0 0 0 0 0 0 0 0 0 0 9 256 14 30 93 8 0 20 1 0 0 5 2 0 0 10 0 0 0 0 0 0 0 0 0 0 0 0 0 5 0 0 0 0 0 0 19 0 0 0 0 0 0 0
13 0 0 0 0 0 66 0 0 0 0 0 0 0 0 0 0 0 0 4 249 5 30 119 3 0 20 0 0 0 10 0 0 0 5 0 0 0 0 0 0 0 0 0 0 0 0 0 0 0 0 0 0 0 0 28 0 0 0 0 0 0 0
110 0 0 0 0 0 94 0 0 0 0 0 0 0 0 0 0 0 0 4 244 15 30 112 6 0 20 0 0 0 8 1 7 0 2 0 0 0 0 0 0 0 0 0 0 44 0 0 4 0 0 0 0 0 0 48 0 0 0 0 0 0 0
115 1 0 0 0 0 92 0 0 0 0 0 0 0 0 0 0 0 0 3 231 16 34 118 10 0 20 4 0 0 10 2 7 0 11 0 0 1 0 0 0 0 0 0 0 44 0 0 3 0 0 0 0 0 0 57 0 0 0 0 0 0 0
120 0 0 0 0 0 97 0 1 0 0 0 0 0 0 0 0 0 0 20 278 19 34 119 9 0 21 5 0 0 10 2 7 0 11 0 0 0 0 0 0 0 0 0 0 50 0 0 4 0 0 0 0 0 0 57 0 0 0 0 0 0 0
120 0 0 0 2 0 98 0 0 0 0 0 0 0 0 0 0 0 0 15 283 19 34 122 10 0 21 3 0 0 9 1 7 0 11 0 0 0 0 0 0 0 0 0 0 48 0 0 8 0 0 0 0 0 0 57 0 0 0 0 0 0 0
119 0 0 0 0 0 99 0 0 0 0 0 0 0 0 0 0 0 0 18 290 19 34 118 10 0 21 3 0 0 10 1 7 0 10 0 0 0 0 0 0 0 0 0 0 49 0 0 4 0 0 0 0 0 0 57 0 0 0 0 0 0 0
0 0 0 0 0 0 0 0 0 0 0 0 0 0 0 0 0 0 0 0 0 0 0 0 0 0 0 0 0 0 0 0 0 0 0 0 0 0 0 0 0 0 0 0 0 0 0 0 0 0 0 0 0 0 0 0 0 0 0 0 0 0 0
116 0 0 0 6 0 100 0 0 0 0 0 0 0 0 0 0 0 0 47 291 19 34 114 10 0 20 5 0 0 9 1 7 0 11 0 0 0 0 0 0 0 0 0 0 49 0 0 8 0 0 0 0 0 0 57 0 0 0 0 0 0 0
120 0 0 0 0 0 101 0 0 0 0 0 0 0 0 0 0 0 0 61 301 19 34 121 10 0 20 2 0 0 9 2 7 0 11 0 0 0 0 0 0 0 0 0 0 49 0 0 6 0 0 0 0 0 0 57 0 0 0 0 0 0 0
110 0 0 0 1 0 100 0 0 0 0 0 0 0 0 0 0 0 0 57 288 17 32 114 11 0 20 1 0 0 10 2 7 0 11 0 0 0 0 0 0 0 0 0 0 49 0 0 2 0 0 0 0 0 0 54 0 0 0 0 0 0 0
107 0 0 0 0 0 97 0 0 0 0 0 0 0 0 0 0 0 0 56 268 14 31 116 10 0 20 1 0 0 8 1 7 0 10 0 0 0 0 0 0 0 0 0 0 46 0 0 0 0 0 0 0 0 0 52 0 0 0 0 0 0 0
116 0 0 0 0 0 100 0 0 0 0 0 0 0 0 0 0 0 0 58 271 16 30 123 10 0 20 1 0 0 9 1 7 0 11 0 0 0 0 0 0 0 0 0 0 49 0 0 18 0 0 0 0 0 0 51 0 0 0 0 0 0 0
120 0 0 0 0 0 100 0 0 0 0 0 0 1 0 0 0 0 0 59 284 18 30 125 10 0 20 1 0 0 10 1 7 0 11 0 0 0 1 0 0 0 0 0 0 49 0 0 1 0 0 0 0 0 0 56 0 0 0 0 0 0 0
112 0 0 0 9 0 97 0 0 0 0 0 0 0 0 0 0 0 0 51 264 15 31 109 9 0 18 1 0 0 8 1 7 0 11 0 0 0 0 0 0 0 0 0 0 41 0 0 9 0 0 0 0 0 0 52 0 0 0 0 0 0 0
114 0 0 0 1 0 101 0 0 0 0 0 0 0 0 0 0 0 0 62 260 16 34 112 10 0 20 1 0 0 10 2 7 0 10 0 0 0 0 0 0 0 0 0 0 50 0 0 33 0 0 0 0 0 0 56 0 0 0 0 0 0 0
106 0 0 0 0 0 98 0 0 0 0 0 0 0 0 0 0 0 0 58 271 14 32 108 9 0 18 5 0 0 8 1 7 0 10 0 0 0 0 0 0 0 0 0 0 42 0 0 30 0 0 0 0 0 0 52 0 0 0 0 0 0 0
116 0 0 0 0 0 97 0 0 0 0 0 0 0 0 0 0 0 0 72 293 19 35 118 11 1 20 3 0 0 9 1 7 0 11 0 0 0 0 0 0 0 0 0 0 48 0 0 43 0 0 0 0 0 0 62 0 0 0 0 0 0 0
112 0 0 0 0 0 98 0 0 0 0 0 0 0 0 0 0 0 0 85 294 18 36 117 10 0 20 3 0 0 9 1 7 0 10 0 0 0 0 0 0 0 0 0 0 45 0 0 40 0 0 0 0 0 0 60 0 0 0 0 0 0 0
0 0 0 0 0 0 0 0 0 0 0 0 0 0 0 0 0 0 0 0 0 0 0 0 0 0 0 0 0 0 0 0 0 0 0 0 0 0 0 0 0 0 0 0 0 0 0 0 0 0 0 0 0 0 0 0 0 0 0 0 0 0 0
118 0 0 0 1 0 101 0 0 0 0 0 0 0 0 0 0 0 0 65 301 19 36 120 10 0 21 2 0 0 9 1 7 0 11 0 0 0 0 0 0 0 0 0 0 49 0 0 43 0 0 0 0 0 0 62 0 0 0 0 0 0 0
120 0 0 0 0 0 99 0 0 0 0 0 0 0 0 0 0 0 0 63 292 19 37 120 10 0 21 3 0 0 9 1 7 0 10 0 0 0 0 0 0 0 0 0 0 49 0 0 43 0 0 0 0 0 0 62 0 0 0 0 0 0 0
120 0 0 0 2 0 96 0 0 0 0 0 0 5 0 0 0 0 0 64 313 19 37 120 10 0 22 49 0 0 9 2 7 0 10 0 0 0 0 0 0 0 0 0 0 50 0 0 43 0 0 0 0 0 0 62 0 0 0 0 0 0 0
117 0 0 0 2 0 96 0 0 0 0 0 0 1 0 0 0 0 0 63 289 17 34 120 10 0 20 1 0 0 10 1 7 0 10 0 0 0 0 0 0 0 0 0 0 49 0 0 43 0 0 0 0 0 0 54 0 0 0 0 0 0 0
115 0 0 0 4 0 97 0 0 0 0 0 0 0 0 0 0 0 0 58 290 16 34 122 11 0 20 1 0 0 10 1 7 0 10 0 0 0 0 0 0 0 0 0 0 47 0 0 43 0 0 0 0 0 0 55 0 0 0 0 0 0 0
93 0 0 0 0 0 71 0 0 0 0 0 0 0 0 0 0 0 0 54 261 16 33 110 11 0 18 1 0 0 9 1 7 0 10 0 0 0 1 0 0 0 0 0 0 31 0 0 35 0 0 0 0 0 0 48 0 0 0 0 0 0 0
58 2 0 0 1 0 66 0 0 0 0 0 0 0 0 0 0 0 0 49 221 16 32 111 11 0 18 3 0 0 9 1 7 0 10 0 0 0 0 0 0 0 0 0 0 43 0 0 43 0 0 0 0 0 0 53 0 0 0 0 0 0 0
112 0 0 0 0 0 96 0 0 0 0 0 0 2 0 0 0 0 0 54 272 19 35 116 11 1 20 1 0 0 10 1 7 0 10 0 0 0 0 0 0 0 0 0 0 46 0 0 43 0 0 0 0 0 0 53 0 0 0 0 0 0 0
119 0 0 0 5 0 71 0 0 0 0 0 0 1 0 0 0 0 0 64 267 15 32 120 10 1 18 5 0 0 10 1 7 0 10 0 0 0 0 0 0 0 0 0 0 49 0 0 40 0 0 0 0 0 0 61 0 0 0 0 0 0 0
113 0 0 0 8 0 97 0 0 0 0 0 0 0 0 0 0 0 0 51 272 19 37 121 11 1 28 5 0 0 9 1 7 0 10 0 0 0 3 0 0 0 0 0 0 46 0 0 43 0 0 0 0 0 0 60 0 0 0 0 0 0 0
111 0 0 0 22 0 98 0 0 0 0 0 0 0 0 0 0 0 0 56 273 19 37 122 11 1 22 4 0 0 9 2 7 0 10 0 0 0 3 0 0 0 0 0 0 48 0 0 43 0 0 0 0 0 0 62 0 0 0 0 0 0 0
0 0 0 0 0 0 0 0 0 0 0 0 0 0 0 0 0 0 0 0 0 0 0 0 0 0 0 0 0 0 0 0 0 0 0 0 0 0 0 0 0 0 0 0 0 0 0 0 0 0 0 0 0 0 0 0 0 0 0 0 0 0 0
120 0 0 0 5 0 101 0 0 0 0 0 0 0 0 0 0 0 0 66 280 19 36 123 10 1 28 5 0 0 8 3 7 0 11 0 0 0 3 0 0 0 0 0 0 49 0 0 43 0 0 0 0 0 0 62 0 0 0 0 0 0 0
119 0 0 0 0 0 101 0 0 0 0 0 0 3 0 0 0 0 0 62 278 18 37 120 10 1 26 2 0 0 8 1 7 0 11 0 0 0 3 0 0 0 0 0 0 50 0 0 43 0 0 0 0 0 0 62 0 0 0 0 0 0 0
113 0 0 0 0 0 98 0 0 0 0 0 0 0 0 0 0 0 0 69 257 15 33 112 10 1 27 3 0 0 8 2 7 0 11 0 0 0 3 0 0 0 0 0 0 48 0 0 42 0 0 0 0 0 0 62 0 0 0 0 0 0 0
106 0 0 0 0 0 92 0 0 0 0 0 0 0 0 0 0 0 0 61 235 14 32 112 7 1 26 1 0 0 6 1 7 0 8 0 0 0 3 0 0 0 0 0 0 42 0 0 43 0 0 0 0 0 0 45 0 0 0 0 0 0 0
111 0 0 0 0 0 96 0 0 0 0 0 0 0 0 0 0 0 0 66 241 14 32 115 9 1 33 2 0 0 9 1 7 0 10 0 0 0 3 0 0 0 0 0 0 49 0 0 37 0 0 0 0 0 0 54 0 0 0 0 0 0 0
105 0 0 0 0 0 97 0 0 0 0 0 0 0 0 0 0 0 0 50 242 14 32 112 7 1 28 1 0 0 7 1 7 0 8 0 0 0 3 0 0 0 0 0 0 40 0 0 38 0 0 0 0 0 0 43 0 0 0 0 0 0 0
119 0 0 0 0 0 99 0 0 0 0 0 0 0 0 0 0 0 0 68 269 15 32 117 10 1 35 3 0 0 9 1 7 0 11 0 0 0 3 0 0 0 0 0 0 48 0 0 43 0 0 0 0 0 0 56 0 0 0 0 0 0 0
89 0 0 0 21 0 96 0 0 0 0 0 0 0 0 0 0 0 0 55 280 15 32 97 11 5 37 3 0 0 9 1 7 0 10 0 0 0 1 0 0 0 0 0 0 50 0 0 43 0 0 0 0 0 0 52 0 0 0 0 0 0 0
121 0 0 0 21 0 101 0 0 0 0 0 0 0 0 0 0 0 0 71 275 17 36 122 11 1 41 1 0 0 8 2 7 0 11 0 0 0 3 0 0 0 0 0 0 49 0 0 43 0 0 0 0 7 0 62 0 0 0 0 0 0 0
119 0 0 0 24 0 101 0 0 0 0 0 0 0 0 0 0 0 0 68 282 17 36 120 11 1 42 5 0 0 8 2 8 0 11 0 0 0 3 0 0 0 0 0 0 49 0 0 43 0 0 0 0 8 0 62 0 0 0 0 0 0 0
116 2 0 0 0 0 98 0 0 0 0 0 0 0 0 0 0 0 0 55 260 17 36 113 11 1 37 2 0 0 8 1 7 0 10 0 0 0 3 0 0 0 0 0 0 47 0 0 43 0 0 0 0 8 0 61 0 0 0 0 0 0 0
0 0 0 0 0 0 0 0 0 0 0 0 0 0 0 0 0 0 0 0 0 0 0 0 0 0 0 0 0 0 0 0 0 0 0 0 0 0 0 0 0 0 0 0 0 0 0 0 0 0 0 0 0 0 0 0 0 0 0 0 0 0 0
119 0 0 0 0 0 100 0 0 0 0 0 0 0 0 0 0 0 0 67 283 19 37 119 11 1 33 5 0 0 9 2 7 0 10 0 0 0 3 0 0 0 0 0 0 49 0 0 43 0 0 0 0 8 0 62 0 0 0 0 0 0 0
119 0 0 0 1 0 101 0 0 0 0 0 0 0 0 0 0 0 0 66 287 19 37 121 11 1 38 5 0 0 8 3 7 0 11 0 0 0 3 0 0 0 0 0 0 48 0 0 43 0 0 0 0 8 0 62 0 0 0 0 0 0 0
105 0 0 0 0 0 96 0 0 0 0 0 0 0 0 0 0 0 0 66 251 14 32 111 9 1 34 1 0 0 7 1 7 0 9 0 0 0 2 0 0 0 0 0 0 43 0 0 43 0 0 0 0 8 0 56 0 0 0 0 0 0 0
115 0 0 0 0 0 96 0 0 0 0 0 0 0 0 0 0 0 0 67 281 16 34 125 9 1 34 1 0 0 9 2 7 0 10 0 0 0 3 0 0 0 0 0 0 49 0 0 43 0 0 0 0 8 0 57 0 0 0 0 0 0 0
102 0 0 0 21 0 93 0 0 0 0 0 0 1 0 0 0 0 0 68 248 15 28 114 4 1 30 1 0 0 8 1 7 0 9 0 0 0 2 0 0 0 0 0 0 44 0 0 43 0 0 0 0 8 0 54 0 0 0 0 0 0 0
108 0 0 0 0 0 95 0 0 0 0 0 0 0 0 0 0 0 0 61 263 14 25 93 8 1 11 1 0 0 10 1 7 0 10 0 0 0 0 0 0 0 0 0 0 47 0 0 6 0 0 0 0 8 0 42 0 0 0 0 0 0 0
105 0 0 0 0 0 100 0 0 0 0 0 0 0 0 0 0 0 0 65 235 14 32 83 0 2 28 2 0 0 8 1 7 0 10 0 0 0 2 0 0 0 0 0 0 42 0 0 43 0 0 0 0 8 0 46 0 0 0 0 0 0 0
115 0 0 0 7 0 93 0 0 0 0 0 0 0 0 0 0 0 0 57 269 14 26 116 0 1 46 5 0 0 6 1 7 0 10 0 0 0 2 0 0 0 0 0 0 43 0 0 43 0 0 0 0 5 0 48 0 0 0 0 0 0 0
100 0 0 0 0 0 92 0 0 0 0 0 0 0 0 0 0 0 0 60 256 14 31 90 11 1 44 2 0 0 9 1 7 0 10 0 0 0 2 0 0 0 0 0 0 47 0 0 43 0 0 0 0 6 0 52 0 0 0 0 0 0 0
118 0 0 0 4 0 99 0 0 0 0 0 0 0 0 0 0 0 0 46 266 0 1 89 10 5 24 1 0 0 8 1 5 0 10 0 0 0 3 0 0 0 0 0 0 48 0 0 43 0 0 0 0 8 0 42 0 0 0 0 0 0 0
112 0 0 0 2 0 94 0 0 0 0 0 0 0 0 0 0 0 0 55 319 15 35 115 11 5 36 5 0 0 10 2 7 0 11 0 0 0 3 0 0 0 0 0 0 47 0 0 43 0 0 0 0 6 0 62 0 0 0 0 0 0 0
0 0 0 0 0 0 0 0 0 0 0 0 0 0 0 0 0 0 0 0 0 0 0 0 0 0 0 0 0 0 0 0 0 0 0 0 0 0 0 0 0 0 0 0 0 0 0 0 0 0 0 0 0 0 0 0 0 0 0 0 0 0 0
107 0 0 0 0 0 99 0 0 0 0 0 0 0 0 0 0 0 0 53 270 16 36 112 2 5 24 2 0 0 9 1 7 0 11 0 0 0 3 0 0 0 0 0 0 50 0 0 43 0 0 0 0 8 0 62 0 0 0 0 0 0 0
47 0 0 0 0 0 91 0 0 0 0 0 0 0 0 0 0 0 0 55 241 10 26 67 0 1 20 1 0 0 0 1 7 0 8 0 0 0 1 0 0 0 0 0 0 24 0 0 43 0 0 0 0 0 0 42 0 0 0 0 0 0 0
117 0 0 0 0 0 99 0 0 0 0 0 0 0 0 0 0 0 0 57 280 16 34 123 6 5 37 1 0 0 9 2 7 0 11 0 0 0 3 0 0 0 0 0 0 50 0 0 43 0 0 0 0 8 0 58 0 0 0 0 0 0 0
117 0 0 0 0 0 98 0 0 0 0 0 0 0 0 0 0 0 0 55 276 14 32 125 9 5 33 1 0 0 8 1 7 0 11 0 0 0 3 0 0 0 0 0 0 50 0 0 43 0 0 0 0 8 0 62 0 0 0 0 0 0 0
110 0 0 0 0 0 97 0 0 0 0 0 0 0 0 0 0 0 0 55 262 11 30 122 5 6 37 1 0 0 9 1 7 0 10 0 0 0 3 0 0 0 0 0 0 50 0 0 43 0 0 0 0 6 0 58 0 0 0 0 0 0 0
91 0 0 0 0 0 98 0 0 0 0 0 0 5 0 0 0 0 0 55 251 13 30 117 11 6 24 1 0 0 8 2 7 0 10 0 0 0 2 0 0 0 0 0 0 43 0 0 43 0 0 0 0 8 0 58 0 0 0 0 0 0 0
91 0 0 0 0 0 51 0 0 0 0 0 0 0 0 0 0 0 0 56 300 9 30 92 5 4 22 1 0 0 6 2 7 0 10 0 0 0 3 0 0 0 0 0 0 42 0 0 43 0 0 0 0 6 0 59 0 0 0 0 0 0 0
102 0 0 0 4 0 35 0 0 0 0 0 0 0 0 0 0 0 0 0 90 1 18 96 11 4 27 0 0 0 0 0 3 0 0 0 0 0 0 0 0 0 0 0 0 2 0 0 23 0 0 0 0 8 0 49 0 0 0 0 0 0 0
116 0 0 0 2 0 100 0 0 0 0 0 0 0 0 0 0 0 0 63 270 13 30 112 11 6 46 1 0 0 6 1 7 0 11 0 0 0 3 0 0 0 0 0 0 49 0 0 43 0 0 0 0 8 0 59 0 0 0 0 0 0 0
100 0 0 0 1 0 100 0 0 0 0 0 0 1 0 0 0 0 0 64 263 11 29 106 9 6 38 1 0 0 7 2 7 0 10 0 0 0 3 0 0 0 0 0 0 40 0 0 43 0 0 0 0 8 0 58 0 0 0 0 0 0 0
111 0 0 0 3 0 100 0 0 0 0 0 0 1 0 0 0 0 0 64 279 11 30 117 11 6 44 3 0 0 9 2 7 0 11 0 0 0 3 0 0 0 0 0 0 48 0 0 43 0 0 0 0 6 0 62 0 0 0 0 0 0 0
0 0 0 0 0 0 0 0 0 0 0 0 0 0 0 0 0 0 0 0 0 0 0 0 0 0 0 0 0 0 0 0 0 0 0 0 0 0 0 0 0 0 0 0 0 0 0 0 0 0 0 0 0 0 0 0 0 0 0 0 0 0 0
110 0 0 0 1 0 100 0 0 0 0 0 0 6 0 0 0 0 0 64 293 17 34 110 10 6 44 4 0 0 8 1 7 0 10 0 0 0 3 0 0 0 0 0 0 49 0 0 43 0 0 0 0 4 0 61 0 0 0 0 0 0 0
112 0 0 0 0 0 98 0 0 0 0 0 0 1 0 0 0 0 0 66 299 18 36 114 10 6 49 2 0 0 9 1 7 0 10 0 0 0 3 0 0 0 0 0 0 50 0 0 43 0 0 0 0 1 0 62 0 0 0 0 0 0 0
119 0 0 0 0 0 100 0 0 0 0 0 0 1 0 0 0 0 0 64 290 19 36 120 11 5 48 3 0 0 9 1 7 0 11 0 0 0 3 0 0 0 0 0 0 50 0 0 43 0 0 0 0 8 0 63 0 0 0 0 0 0 0
113 0 0 0 0 0 97 0 0 0 0 0 0 1 0 0 0 0 0 63 272 15 32 111 10 5 47 3 0 0 8 1 7 0 11 0 0 0 2 0 0 0 0 0 0 45 0 0 43 0 0 0 0 8 0 61 0 0 0 0 0 0 0
115 0 0 0 0 0 97 0 0 0 0 0 0 3 0 0 0 0 0 64 278 14 32 121 10 5 46 0 0 0 7 2 7 0 10 0 0 0 3 0 0 0 0 0 0 48 0 0 43 0 0 0 0 6 0 62 0 0 0 0 0 0 0
99 0 0 0 0 0 84 0 0 0 0 0 0 2 0 0 0 0 0 63 258 13 33 119 10 5 37 1 0 0 7 1 7 0 6 0 0 0 1 0 0 0 0 0 0 46 0 0 43 0 0 0 0 4 0 60 0 0 0 0 0 0 0
92 0 0 0 0 0 80 0 0 0 0 0 0 0 0 0 0 0 0 64 252 13 31 113 10 5 32 5 0 0 8 1 10 0 6 0 0 0 1 0 0 0 0 0 0 48 0 0 43 0 0 0 0 6 0 56 0 0 0 0 0 0 0
113 0 0 0 1 0 93 0 0 0 0 0 0 5 0 0 0 0 0 62 271 11 32 115 11 5 31 4 0 0 9 1 18 0 10 0 0 0 3 0 0 0 0 0 0 48 0 0 43 0 0 0 0 8 0 61 0 0 0 0 0 0 0
118 0 0 0 0 0 93 0 0 0 0 0 0 5 0 0 0 0 0 64 312 17 36 123 11 5 45 5 0 0 9 3 19 0 10 0 0 0 3 0 0 0 0 0 0 48 0 0 43 0 0 0 0 8 0 62 0 0 0 0 0 0 0
104 0 0 0 0 0 78 0 0 0 0 0 0 3 0 0 0 0 0 43 281 12 31 112 11 5 46 4 0 0 8 1 19 0 10 0 0 0 2 0 0 0 0 0 0 48 0 0 43 0 0 0 0 6 0 55 0 0 0 0 0 0 0
113 0 0 0 13 0 89 0 0 0 0 0 0 2 0 0 0 0 0 61 294 13 35 115 11 5 44 1 0 0 6 1 18 0 10 0 0 0 3 0 0 0 0 0 0 48 0 0 43 0 0 0 0 8 0 62 0 0 0 0 0 0 0
0 0 0 0 0 0 0 0 0 0 0 0 0 0 0 0 0 0 0 0 0 0 0 0 0 0 0 0 0 0 0 0 0 0 0 0 0 0 0 0 0 0 0 0 0 0 0 0 0 0 0 0 0 0 0 0 0 0 0 0 0 0 0
117 0 0 0 10 0 99 0 0 0 0 0 0 5 0 0 0 0 0 59 314 18 36 115 11 5 48 4 0 0 9 1 17 0 10 0 0 0 3 0 0 0 0 0 0 48 0 0 43 0 0 0 0 8 0 63 0 0 0 0 0 0 0
116 0 0 0 4 0 94 0 0 0 0 0 0 0 0 0 0 0 0 32 297 15 35 118 11 4 49 3 0 0 9 2 19 0 11 0 0 0 3 0 0 0 0 0 0 48 0 0 43 0 0 0 0 4 0 58 0 0 0 0 0 0 0
117 0 0 0 16 0 93 0 0 0 0 0 0 1 0 0 0 0 0 33 302 17 36 121 11 5 50 0 0 0 9 2 17 0 10 0 0 0 2 0 0 0 0 0 0 49 0 0 43 0 0 0 0 5 0 55 0 0 0 0 0 0 0
112 0 0 0 13 0 87 0 0 0 0 0 0 6 0 0 0 0 0 29 296 14 33 115 6 6 50 2 0 0 8 1 19 0 10 0 0 0 3 0 0 0 0 0 0 50 0 0 43 0 0 0 0 6 0 58 0 0 0 0 0 0 0
115 0 0 0 16 0 91 0 0 0 0 0 0 0 0 0 0 0 0 18 284 14 33 124 11 5 48 1 0 0 8 1 19 0 10 0 0 0 3 0 0 0 0 0 0 50 0 0 43 0 0 0 0 8 0 53 0 0 0 0 0 0 0
107 0 0 0 15 0 97 0 0 0 0 0 0 0 0 0 0 0 0 15 248 14 33 121 2 5 41 0 0 0 5 1 17 0 10 0 0 0 3 0 0 0 0 0 0 44 0 0 43 0 0 0 0 7 0 54 0 0 0 0 0 0 0
119 0 0 0 29 0 96 0 0 0 0 0 0 0 0 0 0 0 0 60 259 15 33 121 1 5 45 3 0 0 5 1 19 0 11 0 0 0 3 0 0 0 0 0 0 44 0 0 43 0 0 0 0 8 0 52 0 0 0 0 0 0 0
116 0 0 0 29 0 89 0 0 0 0 0 0 0 0 0 0 0 0 49 301 14 33 118 10 5 41 4 0 0 7 1 18 0 11 0 0 0 3 0 0 0 0 0 0 45 0 0 41 0 0 0 0 8 0 59 0 0 0 0 0 0 0
113 0 0 0 20 0 85 0 0 0 0 0 0 0 0 0 0 0 0 45 268 16 33 113 4 5 32 1 0 0 8 1 19 0 10 0 0 0 2 0 0 0 0 0 0 45 0 0 43 0 0 0 0 6 0 52 0 0 0 0 0 0 0
111 0 0 0 20 0 98 0 0 0 0 0 0 0 0 0 0 0 0 29 283 14 32 109 11 5 30 4 0 0 6 1 15 0 10 0 0 0 3 0 0 0 0 0 0 46 0 0 41 0 0 0 0 8 0 60 0 0 0 0 0 0 0
116 0 0 0 23 0 90 0 0 0 0 0 0 0 0 0 0 0 0 39 278 14 37 112 11 5 37 2 0 0 8 1 18 0 10 0 0 0 3 0 0 0 0 0 0 49 0 0 43 0 0 0 0 8 0 61 0 0 0 0 0 0 0
0 0 0 0 0 0 0 0 0 0 0 0 0 0 0 0 0 0 0 0 0 0 0 0 0 0 0 0 0 0 0 0 0 0 0 0 0 0 0 0 0 0 0 0 0 0 0 0 0 0 0 0 0 0 0 0 0 0 0 0 0 0 0
113 0 0 0 13 0 77 0 0 0 0 0 0 2 0 0 0 0 0 61 273 14 38 113 11 5 46 0 0 0 8 1 18 0 9 0 0 0 3 0 0 0 0 0 0 48 0 0 43 0 0 0 0 6 0 64 0 0 0 0 0 0 0
113 0 0 0 16 0 75 0 0 0 0 0 0 2 0 0 0 0 0 61 294 16 37 115 11 5 47 3 0 0 9 1 19 0 11 0 0 0 3 0 0 0 0 0 0 49 0 0 43 0 0 0 0 8 0 66 0 0 0 0 0 0 0
117 0 0 0 36 0 73 0 0 0 0 0 0 0 0 0 0 0 0 52 276 18 36 114 11 5 46 0 0 0 8 1 19 0 10 0 0 0 3 0 0 0 0 0 0 50 0 0 43 0 0 0 0 8 0 66 0 0 0 0 0 0 0
111 0 0 0 27 0 64 0 0 0 0 0 0 1 0 0 0 0 0 53 254 14 33 110 11 5 43 2 0 0 7 2 17 0 10 0 0 0 3 0 0 0 0 0 0 48 0 0 43 0 0 0 0 8 0 66 0 0 0 0 0 0 0
94 0 0 0 18 0 66 0 0 0 0 0 0 3 0 0 0 0 0 49 267 9 22 112 9 4 39 0 0 0 7 1 14 0 10 0 0 0 2 0 0 0 0 0 0 45 0 0 43 0 0 0 0 4 0 57 0 0 0 0 0 0 0
102 0 0 0 30 0 84 0 0 0 0 0 0 0 0 0 0 0 0 58 267 11 33 118 7 5 35 3 0 0 8 1 16 0 11 0 0 0 3 0 0 0 0 0 0 46 0 0 39 0 0 0 0 8 0 56 0 0 0 0 0 0 0
109 0 0 0 16 0 92 0 0 0 0 0 0 3 0 0 0 0 0 61 261 9 27 109 1 2 30 4 0 0 9 2 15 0 10 0 0 0 2 0 0 0 0 0 0 43 0 0 43 0 0 0 0 6 0 58 0 0 0 0 0 0 0
96 0 0 0 15 0 80 0 0 0 0 0 0 0 0 0 0 0 0 59 258 9 27 114 0 5 27 4 0 0 6 1 8 0 10 0 0 0 2 0 0 0 0 0 0 42 0 0 42 0 0 0 0 5 0 55 0 0 0 0 0 0 0
115 0 0 0 24 0 93 0 1 0 0 0 0 1 0 0 0 0 0 72 280 10 33 124 4 5 41 0 0 0 8 1 18 0 11 0 0 0 3 0 0 0 0 0 0 50 0 0 43 0 0 0 0 7 0 65 0 0 0 0 0 0 0
103 0 0 0 10 0 50 0 2 0 0 0 0 0 0 0 0 0 0 66 248 8 27 109 11 5 29 0 0 0 6 0 7 0 10 0 0 0 2 0 0 0 0 0 0 41 0 0 38 0 0 0 0 3 0 53 0 0 0 0 0 0 0
99 0 0 0 17 0 71 0 4 0 0 0 0 0 0 0 0 0 0 76 228 8 24 81 11 5 40 0 0 0 6 0 7 0 9 0 0 0 3 0 0 0 0 0 0 15 0 0 42 0 0 0 0 4 0 38 0 0 0 0 0 0 0
0 0 0 0 0 0 0 0 0 0 0 0 0 0 0 0 0 0 0 0 0 0 0 0 0 0 0 0 0 0 0 0 0 0 0 0 0 0 0 0 0 0 0 0 0 0 0 0 0 0 0 0 0 0 0 0 0 0 0 0 0 0 0
110 0 0 0 20 0 83 0 1 0 0 0 0 1 0 0 0 0 0 53 285 15 36 112 11 5 46 0 0 0 8 1 16 0 10 0 0 0 3 0 0 0 0 0 0 45 0 0 43 0 0 0 0 8 0 62 0 0 0 0 0 0 0
115 0 0 0 24 0 92 0 5 0 0 0 0 0 0 0 0 0 0 56 298 16 38 112 11 5 47 0 0 0 9 1 19 0 10 0 0 0 3 0 0 0 0 0 0 47 0 0 42 0 0 0 0 8 0 66 0 0 0 0 0 0 0
120 0 0 0 19 0 93 0 6 0 0 0 0 2 0 0 0 0 0 59 300 13 36 119 11 5 48 0 0 0 9 2 19 0 10 0 0 0 3 0 0 0 0 0 0 50 0 0 43 0 0 0 0 8 0 66 0 0 0 0 0 0 0
112 0 0 0 20 0 93 0 4 0 0 0 0 0 0 0 0 0 0 54 299 13 33 118 11 4 42 0 0 0 10 2 17 0 10 0 0 0 3 0 0 0 0 0 0 47 0 0 43 0 0 0 0 8 0 63 0 0 0 0 0 0 0
54 0 0 0 9 0 88 0 1 0 0 0 0 0 0 0 0 0 0 35 260 14 31 109 10 3 38 0 0 0 10 1 17 0 11 0 0 0 3 0 0 0 0 0 0 47 0 0 43 0 0 0 0 5 0 49 0 0 0 0 0 0 0
107 0 0 0 14 0 86 0 0 0 0 0 0 1 0 0 0 0 0 37 257 13 33 116 9 4 45 2 0 0 9 1 19 0 9 0 0 0 2 0 0 0 0 0 0 44 0 0 41 0 0 0 0 8 0 54 0 0 0 0 0 0 0
100 0 0 0 22 0 77 0 0 0 0 0 0 0 0 0 0 0 0 50 238 8 28 116 11 3 39 0 0 0 8 1 17 0 9 0 0 0 2 0 0 0 0 0 0 44 0 0 41 0 0 0 0 8 0 48 0 0 0 0 0 0 0
109 0 0 0 17 0 91 0 0 0 0 0 0 2 0 0 0 0 0 76 272 11 31 117 10 1 15 0 0 0 9 2 7 0 9 0 0 1 2 0 0 0 0 0 0 45 0 0 43 0 0 0 0 3 0 51 0 0 0 0 0 0 0
113 0 0 0 31 0 89 0 5 0 0 0 0 5 0 0 0 0 0 76 324 11 35 117 11 3 46 0 0 0 8 2 19 0 10 0 0 0 3 0 0 0 0 0 0 47 0 0 43 0 0 0 0 8 0 57 0 0 0 0 0 0 0
103 1 0 0 23 0 93 0 6 0 0 0 0 1 0 0 0 0 0 65 302 13 36 122 11 5 43 0 0 0 9 2 17 0 10 0 0 0 3 0 0 0 0 0 0 47 0 0 43 0 0 0 0 8 0 62 0 0 0 0 0 0 0
98 0 0 0 33 0 85 0 6 0 0 0 0 1 0 0 0 0 0 64 279 13 33 113 11 5 44 0 0 0 8 2 19 0 10 0 0 0 3 0 0 0 0 0 0 47 0 0 43 0 0 0 0 8 0 64 0 0 0 0 0 0 0
0 0 0 0 0 0 0 0 0 0 0 0 0 0 0 0 0 0 0 0 0 0 0 0 0 0 0 0 0 0 0 0 0 0 0 0 0 0 0 0 0 0 0 0 0 0 0 0 0 0 0 0 0 0 0 0 0 0 0 0 0 0 0
115 1 0 0 21 0 97 0 4 0 0 0 0 2 0 0 0 0 0 81 282 11 35 115 11 6 47 0 0 0 8 1 19 0 11 0 0 1 3 0 0 0 0 0 0 48 0 0 43 0 0 0 0 8 0 66 0 0 0 0 0 0 0
119 2 0 0 27 0 99 0 6 0 0 0 0 0 0 0 0 0 0 79 302 16 38 116 11 6 49 2 0 0 9 2 19 0 11 0 0 2 3 0 0 0 0 0 0 49 0 0 43 0 0 0 0 8 0 68 0 0 0 0 0 0 0
118 7 0 0 13 0 97 0 6 0 0 0 0 2 0 0 0 0 0 69 298 11 35 117 11 6 45 0 0 0 8 2 18 0 11 0 0 1 3 0 0 0 0 0 0 49 0 0 43 0 0 0 0 8 0 68 0 0 0 0 0 0 0
113 9 0 0 14 0 84 0 6 0 0 0 0 1 0 0 0 0 0 70 287 14 35 122 11 6 45 47 0 0 8 1 18 0 10 0 0 1 3 0 0 0 0 0 0 48 0 0 43 0 0 0 0 8 0 61 0 0 0 0 0 0 0
108 9 0 0 16 0 88 0 2 0 0 0 0 1 0 0 0 0 0 66 282 13 34 117 11 5 44 12 0 0 7 1 19 0 9 0 0 1 3 0 0 0 0 0 0 49 0 0 43 0 0 0 0 8 0 58 0 0 0 0 0 0 0
106 8 0 0 4 0 49 0 0 0 0 0 0 0 0 0 0 0 0 66 240 8 21 105 8 5 30 26 0 0 7 1 18 0 7 0 0 0 2 0 0 0 0 0 0 41 0 0 43 0 0 0 0 6 0 38 0 0 0 0 0 0 0
110 9 0 0 15 0 63 0 0 0 0 0 0 3 0 0 0 0 0 65 292 11 33 122 11 6 44 24 0 0 6 2 19 0 10 0 0 0 3 0 0 0 0 0 0 37 0 0 43 0 0 0 0 6 0 66 0 0 0 0 0 0 0
90 9 0 0 14 0 90 0 4 0 0 0 0 4 0 0 0 0 0 74 278 9 25 103 8 5 42 41 0 0 7 2 19 0 11 0 0 19 3 0 0 0 0 0 0 48 0 0 43 0 0 0 0 8 0 65 0 0 0 0 0 0 0
119 9 0 0 17 0 88 0 5 0 0 0 0 2 0 0 0 0 0 79 296 10 37 112 8 5 44 41 0 0 9 2 19 0 11 0 0 2 2 0 0 0 0 0 0 44 0 0 43 0 0 0 0 8 0 66 0 0 0 0 0 0 0
112 9 0 0 21 0 99 0 6 0 0 0 0 0 0 0 0 0 0 77 311 9 35 125 9 5 48 47 0 0 10 3 19 0 11 0 0 2 3 0 0 0 0 0 0 48 0 0 43 0 0 0 0 8 0 67 0 0 0 0 0 0 0
111 9 0 0 11 0 91 0 4 0 0 0 0 1 0 0 0 0 0 63 294 11 29 112 10 5 41 29 0 0 7 1 17 0 10 0 0 1 3 0 0 0 0 0 0 46 0 0 43 0 0 0 0 8 0 64 0 0 0 0 0 0 0
0 0 0 0 0 0 0 0 0 0 0 0 0 0 0 0 0 0 0 0 0 0 0 0 0 0 0 0 0 0 0 0 0 0 0 0 0 0 0 0 0 0 0 0 0 0 0 0 0 0 0 0 0 0 0 0 0 0 0 0 0 0 0
116 9 0 0 34 0 77 0 5 0 0 0 0 7 0 0 0 0 0 76 325 19 38 116 8 6 50 48 0 0 9 1 17 0 11 0 0 2 3 0 0 0 0 0 0 49 0 0 43 0 0 0 0 8 0 66 0 0 0 0 0 0 0
120 9 0 0 16 0 102 0 5 0 0 0 0 8 0 0 0 0 0 50 317 17 35 121 9 6 48 48 0 0 9 3 16 0 10 0 0 2 3 0 0 0 0 0 0 50 0 0 43 0 0 0 0 8 0 64 0 0 0 0 0 0 0
114 9 0 0 12 0 98 0 6 0 0 0 0 0 0 0 0 0 0 55 299 14 35 122 8 6 49 36 0 0 10 1 19 0 11 0 0 0 3 0 0 0 0 0 0 49 0 0 43 0 0 0 0 8 0 64 0 0 0 0 0 0 0
112 9 0 0 13 0 92 0 4 0 0 0 0 0 0 0 0 0 0 53 298 14 34 115 9 6 45 27 0 0 9 1 19 0 11 0 0 3 3 0 0 0 0 0 0 49 0 0 43 0 0 0 0 8 0 65 0 0 0 0 0 0 0
112 9 0 0 16 0 84 0 5 0 0 0 0 3 0 0 0 0 0 54 281 11 35 116 8 5 18 7 0 0 9 1 17 0 11 0 0 9 3 0 0 0 0 0 0 48 0 0 41 0 0 0 0 8 0 64 0 0 0 0 0 0 0
106 9 0 0 22 0 79 0 4 0 0 0 0 0 0 0 0 0 0 70 275 12 32 122 8 5 39 39 0 0 3 1 18 0 10 0 0 16 2 0 0 0 0 0 0 45 0 0 42 0 0 0 0 8 0 56 0 0 0 0 0 0 0
105 9 0 0 12 0 75 0 4 0 0 0 0 0 0 0 0 0 0 33 269 9 31 113 8 5 42 0 0 0 2 1 19 0 10 0 0 20 2 0 0 0 0 0 0 47 0 0 40 0 0 0 0 8 0 52 0 0 0 0 0 0 0
114 9 0 0 20 0 96 0 6 0 0 0 0 6 0 0 0 0 0 17 316 13 34 117 8 5 45 29 0 0 3 3 18 0 10 0 0 29 3 0 0 0 0 0 0 50 0 0 41 0 0 0 0 8 0 63 0 0 0 0 0 0 0
113 9 0 0 26 0 88 0 6 0 0 0 0 1 0 0 0 0 0 27 305 10 31 114 8 5 35 26 0 0 4 2 19 0 10 0 0 32 2 0 0 0 0 0 0 48 0 0 43 0 0 0 0 8 0 59 0 0 0 0 0 0 0
117 9 0 0 28 0 93 0 6 0 0 0 0 1 0 0 0 0 0 44 306 14 33 122 8 5 36 5 0 0 5 2 19 0 10 0 0 33 3 0 0 0 0 0 0 47 0 0 43 0 0 0 0 8 0 65 0 0 0 0 0 0 0
115 9 0 0 23 0 94 0 6 0 0 0 0 1 0 0 0 0 0 79 319 19 36 119 8 5 50 16 0 0 4 2 19 0 10 0 0 33 3 0 0 0 0 0 0 50 0 0 43 0 0 0 0 8 0 66 0 0 0 0 0 0 0
0 0 0 0 0 0 0 0 0 0 0 0 0 0 0 0 0 0 0 0 0 0 0 0 0 0 0 0 0 0 0 0 0 0 0 0 0 0 0 0 0 0 0 0 0 0 0 0 0 0 0 0 0 0 0 0 0 0 0 0 0 0 0
112 9 0 0 46 0 95 0 6 0 0 0 0 3 0 0 0 0 0 50 280 17 38 122 10 6 42 11 0 0 6 3 18 0 11 0 0 33 3 0 0 0 0 0 0 50 0 0 43 0 0 0 0 8 0 67 0 0 0 0 0 0 0
121 9 0 0 33 0 98 0 6 0 0 0 0 6 0 0 0 0 0 64 282 19 39 128 10 6 44 26 0 0 10 3 19 0 11 0 0 33 3 0 0 0 0 0 0 49 0 0 43 0 0 0 0 8 0 68 0 0 0 0 0 0 0
111 9 0 0 31 0 96 0 6 0 0 0 0 0 0 0 0 0 0 30 281 14 35 116 8 5 40 0 0 0 7 1 18 0 10 0 0 34 3 0 0 0 0 0 0 49 0 0 43 0 0 0 0 8 0 65 0 0 0 0 0 0 0
116 9 0 0 33 0 90 0 6 0 0 0 0 1 0 0 0 0 0 41 279 16 33 115 8 5 37 5 0 0 7 2 16 0 10 0 0 33 2 0 0 0 0 0 0 48 0 0 43 0 0 0 0 8 0 63 0 0 0 0 0 0 0
111 9 0 0 30 0 89 0 4 0 0 0 0 2 0 0 0 0 0 22 284 15 32 124 8 5 42 0 0 0 8 2 17 0 10 0 0 30 2 0 0 0 0 0 0 48 0 0 43 0 0 0 0 8 0 55 0 0 0 0 0 0 0
114 9 0 0 28 0 86 0 2 0 0 0 0 0 0 0 0 0 0 37 285 14 33 117 4 5 28 5 0 0 5 2 15 0 11 0 0 30 2 0 0 0 0 0 0 48 0 0 42 0 0 0 0 8 0 44 0 0 0 0 0 0 0
114 8 0 0 27 0 96 0 1 0 0 0 0 3 0 0 0 0 0 31 281 13 34 119 4 5 29 0 0 0 5 1 17 0 10 0 0 30 2 0 0 0 0 0 0 47 0 0 42 0 0 0 0 8 0 57 0 0 0 0 0 0 0
115 9 0 0 30 0 90 0 5 0 0 0 0 1 0 0 0 0 0 28 302 14 34 115 6 5 37 11 0 0 7 1 18 0 11 0 0 31 3 0 0 0 0 0 0 48 0 0 43 0 0 0 0 8 0 61 0 0 0 0 0 0 0
121 8 0 0 53 0 102 0 6 0 0 0 0 8 0 0 0 0 0 56 334 14 38 126 10 5 43 52 0 0 7 2 19 0 11 0 0 33 3 0 0 0 0 0 0 50 0 0 43 0 0 0 0 8 0 68 0 0 0 0 0 0 0
116 9 0 0 27 0 96 0 6 0 0 0 0 4 0 0 0 0 0 40 317 12 35 114 10 6 37 17 0 0 7 2 17 0 11 0 0 34 3 0 0 0 0 0 0 47 0 0 43 0 0 0 0 8 0 64 0 0 0 0 0 0 0
114 8 0 0 27 0 97 0 5 0 0 0 0 3 0 0 0 0 0 41 316 12 35 107 8 5 36 6 0 0 7 1 16 0 10 0 0 30 3 0 0 0 0 0 0 46 0 0 43 0 0 0 0 8 0 62 0 0 0 0 0 0 0
0 0 0 0 0 0 0 0 0 0 0 0 0 0 0 0 0 0 0 0 0 0 0 0 0 0 0 0 0 0 0 0 0 0 0 0 0 0 0 0 0 0 0 0 0 0 0 0 0 0 0 0 0 0 0 0 0 0 0 0 0 0 0
40 7 0 0 28 0 88 0 5 0 0 0 0 0 0 0 0 0 0 10 292 10 26 101 8 1 35 3 0 0 8 0 14 0 10 0 0 29 2 0 0 0 0 0 0 46 0 0 37 0 0 0 0 0 0 64 0 0 0 0 0 0 0
42 6 0 0 31 0 88 0 0 0 0 0 0 0 0 0 0 0 0 24 285 11 28 73 6 5 33 11 0 0 2 0 17 0 10 0 0 17 0 0 0 0 0 0 0 50 0 0 26 0 0 0 0 4 0 52 0 0 0 0 0 0 0
3 3 0 0 12 0 43 0 0 0 0 0 0 0 0 0 0 0 0 10 172 8 26 110 0 1 39 0 0 0 6 1 7 0 10 0 0 8 2 0 0 0 0 0 0 43 0 0 36 0 0 0 0 0 0 57 0 0 0 0 0 0 0
81 8 0 0 16 0 59 0 2 0 0 0 0 0 0 0 0 0 0 12 207 11 27 105 9 1 34 1 0 0 7 1 11 0 10 0 0 30 2 0 0 0 0 0 0 39 0 0 41 0 0 0 0 0 0 52 0 0 0 0 0 0 0
89 1 0 0 24 0 41 0 0 0 0 0 0 2 0 0 0 0 0 16 195 0 10 109 8 1 18 1 0 0 2 0 8 0 7 0 0 29 1 0 0 0 0 0 0 47 0 0 24 0 0 0 0 8 0 38 0 0 0 0 0 0 0
89 5 0 0 12 0 47 0 0 0 0 0 0 0 0 0 0 0 0 50 132 8 26 115 0 4 27 0 0 0 6 1 8 0 0 0 0 20 0 0 0 0 0 0 0 0 0 0 41 0 0 0 0 7 0 12 0 0 0 0 0 0 0
101 4 0 0 22 0 77 0 1 0 0 0 0 0 0 0 0 0 0 14 220 9 32 40 0 1 0 14 0 0 0 0 7 0 6 0 0 24 0 0 0 0 0 0 0 31 0 0 37 0 0 0 0 8 0 36 0 0 0 0 0 0 0
16 1 0 0 22 0 65 0 1 0 0 0 0 1 0 0 0 0 0 51 283 13 29 67 0 4 19 1 0 0 5 0 11 0 9 0 0 27 0 0 0 0 0 0 0 9 0 0 37 0 0 0 0 6 0 52 0 0 0 0 0 0 0
96 3 0 0 28 0 69 0 3 0 0 0 0 0 0 0 0 0 0 63 240 15 32 96 3 5 35 18 0 0 6 1 16 0 9 0 0 30 1 0 0 0 0 0 0 28 0 0 40 0 0 0 0 5 0 36 0 0 0 0 0 0 0
59 3 0 0 19 0 45 0 6 0 0 0 0 0 0 0 0 0 0 50 252 0 0 52 0 0 18 1 0 0 0 0 0 0 6 0 0 1 0 0 0 0 0 0 0 5 0 0 0 0 0 0 0 0 0 46 0 0 0 0 0 0 0
98 9 0 0 19 0 47 0 4 0 0 0 0 2 0 0 0 0 0 33 194 8 24 106 10 4 24 2 0 0 7 1 14 0 7 0 0 32 2 0 0 0 0 0 0 48 0 0 39 0 0 0 0 8 0 50 0 0 0 0 0 0 0
0 0 0 0 0 0 0 0 0 0 0 0 0 0 0 0 0 0 0 0 0 0 0 0 0 0 0 0 0 0 0 0 0 0 0 0 0 0 0 0 0 0 0 0 0 0 0 0 0 0 0 0 0 0 0 0 0 0 0 0 0 0 0
40 5 0 0 31 0 80 0 5 0 0 0 0 3 0 0 0 0 0 13 281 5 29 62 1 2 12 29 0 0 0 0 18 0 10 0 0 31 0 0 0 0 0 0 0 49 0 0 0 0 0 0 0 8 0 59 0 0 0 0 0 0 0
12 2 0 0 24 0 20 0 0 0 0 0 0 0 0 0 0 0 0 9 250 12 30 90 9 0 19 0 0 0 3 1 19 0 10 0 0 9 0 0 0 0 0 0 0 46 0 0 3 0 0 0 0 0 0 42 0 0 0 0 0 0 0
102 7 0 0 13 0 53 0 1 0 0 0 0 0 0 0 0 0 0 3 179 13 32 97 8 5 38 7 0 0 6 1 14 0 0 0 0 34 3 0 0 0 0 0 0 46 0 0 43 0 0 0 0 8 0 38 0 0 0 0 0 0 0
95 2 0 0 25 0 81 0 6 0 0 0 0 0 0 0 0 0 0 0 285 0 1 72 2 4 31 0 0 0 0 1 12 0 10 0 0 23 1 0 0 0 0 0 0 0 0 0 43 0 0 0 0 0 0 59 0 0 0 0 0 0 0
111 7 0 0 30 0 88 0 2 0 0 0 0 2 0 0 0 0 0 3 298 10 34 117 8 5 38 8 0 0 6 1 18 0 10 0 0 32 3 0 0 0 0 0 0 46 0 0 43 0 0 0 0 8 0 64 0 0 0 0 0 0 0
20 5 0 0 24 0 55 0 0 0 0 0 0 0 0 0 0 0 0 2 265 7 32 69 4 0 17 0 0 0 3 1 12 0 4 0 0 31 2 0 0 0 0 0 0 47 0 0 17 0 0 0 0 3 0 44 0 0 0 0 0 0 0
70 8 0 0 25 0 86 0 1 0 0 0 0 2 0 0 0 0 0 6 273 9 32 116 8 5 38 0 0 0 6 1 14 0 4 0 0 24 3 0 0 0 0 0 0 46 0 0 43 0 0 0 0 6 0 51 0 0 0 0 0 0 0
115 6 0 0 28 0 89 0 5 0 0 0 0 2 0 0 0 0 0 16 306 11 32 109 4 5 35 8 0 0 6 1 18 0 10 0 0 33 3 0 0 0 0 0 0 47 0 0 43 0 0 0 0 8 0 63 0 0 0 0 0 0 0
113 9 0 0 35 0 85 0 5 0 0 0 0 3 0 0 0 0 0 15 306 13 34 115 9 5 37 12 0 0 6 1 19 0 10 0 0 33 3 0 0 0 0 0 0 50 0 0 43 0 0 0 0 8 0 66 0 0 0 0 0 0 0
119 8 0 0 41 0 98 0 5 0 0 0 0 6 0 0 0 0 0 10 312 13 35 123 10 5 35 20 0 0 8 3 19 0 10 0 0 34 3 0 0 0 0 0 0 50 0 0 43 0 0 0 0 8 0 67 0 0 0 0 0 0 0
108 9 0 0 29 0 97 0 6 0 0 0 0 5 0 0 0 0 0 20 308 12 36 111 9 5 40 21 0 0 8 1 19 0 10 0 0 32 3 0 0 0 0 0 0 50 0 0 43 0 0 0 0 8 0 67 0 0 0 0 0 0 0
0 0 0 0 0 0 0 0 0 0 0 0 0 0 0 0 0 0 0 0 0 0 0 0 0 0 0 0 0 0 0 0 0 0 0 0 0 0 0 0 0 0 0 0 0 0 0 0 0 0 0 0 0 0 0 0 0 0 0 0 0 0 0
109 9 0 0 29 0 97 0 4 0 0 0 0 2 0 0 0 0 0 17 310 14 35 110 10 5 40 42 0 0 8 1 19 0 10 0 0 34 3 0 0 0 0 0 0 48 0 0 43 0 0 0 0 8 0 67 0 0 0 0 0 0 0
117 9 0 0 29 0 98 0 5 0 0 0 0 5 0 0 0 0 0 19 318 15 37 114 10 5 41 40 0 0 9 2 19 0 10 0 0 34 2 0 0 0 0 0 0 50 0 0 43 0 0 0 0 8 0 67 0 0 0 0 0 0 0
119 9 0 0 30 0 97 0 4 0 0 0 0 2 0 0 0 0 0 15 311 14 35 117 9 5 41 20 0 0 9 2 19 0 10 0 0 34 3 0 0 0 0 0 0 49 0 0 43 0 0 0 0 8 0 67 0 0 0 0 0 0 0
113 9 0 0 0 0 93 0 5 0 0 0 0 3 0 0 0 0 0 12 302 13 35 116 9 5 41 0 0 0 6 2 18 0 7 0 0 33 3 0 0 0 0 0 0 46 0 0 43 0 0 0 0 8 0 61 0 0 0 0 0 0 0
112 8 0 0 24 0 89 0 5 0 0 0 0 0 0 0 0 0 0 11 293 13 34 113 9 5 38 0 0 0 7 1 18 0 10 0 0 33 3 0 0 0 0 0 0 48 0 0 43 0 0 0 0 8 0 64 0 0 0 0 0 0 0
113 8 0 0 25 0 87 0 0 0 0 0 0 3 0 0 0 0 0 15 293 13 33 116 4 5 35 0 0 0 6 1 10 0 10 0 0 30 2 0 0 0 0 0 0 44 0 0 43 0 0 0 0 8 0 61 0 0 0 0 0 0 0
57 8 0 0 22 0 80 0 0 0 0 0 0 1 0 0 0 0 0 10 291 11 31 104 9 5 36 0 0 0 0 1 10 0 10 0 0 32 3 0 0 0 0 0 0 45 0 0 43 0 0 0 0 8 0 62 0 0 0 0 0 0 0
115 7 0 0 38 0 96 0 4 0 0 0 0 2 0 0 0 0 0 8 305 12 35 119 10 5 37 2 0 0 5 1 19 0 10 0 0 33 3 0 0 0 0 0 0 48 0 0 43 0 0 0 0 8 0 67 0 0 0 0 0 0 0
113 7 0 0 22 0 45 0 5 0 0 0 0 0 0 0 0 0 0 12 134 10 32 112 3 5 36 5 0 0 0 0 15 0 10 0 0 32 3 0 0 0 0 0 0 49 0 0 43 0 0 0 0 8 0 67 0 0 0 0 0 0 0
117 9 0 0 30 0 96 0 5 0 0 0 0 4 0 0 0 0 0 20 304 14 35 113 10 5 42 45 0 0 8 3 19 0 10 0 0 34 3 0 0 0 0 0 0 49 0 0 43 0 0 0 0 8 0 67 0 0 0 0 0 0 0
112 8 0 0 27 0 70 0 5 0 0 0 0 2 0 0 0 0 0 16 308 11 35 112 10 5 39 9 0 0 8 1 19 0 10 0 0 34 3 0 0 0 0 0 0 48 0 0 43 0 0 0 0 8 0 67 0 0 0 0 0 0 0
0 0 0 0 0 0 0 0 0 0 0 0 0 0 0 0 0 0 0 0 0 0 0 0 0 0 0 0 0 0 0 0 0 0 0 0 0 0 0 0 0 0 0 0 0 0 0 0 0 0 0 0 0 0 0 0 0 0 0 0 0 0 0
